8.001094252453364134e+08,1.327677207081476226e+05,1.687381570908745576e-01,3.093202276493571379e+00,1.240648496172233426e+05,1.884058948554647213e+05,-1.265987717704831994e+03,-4.371826570829518460e+03,-6.025359418065896534e+03
8.001094852453364134e+08,1.344210974972639233e+05,1.118724806770877572e-01,3.134191948256189075e+00,1.247900390207079763e+05,1.882038674122112279e+05,-7.472588479543646827e+02,-4.378484391371748643e+03,-6.104077964621625142e+03
8.001095611903667450e+08,1.367432709260750562e+05,3.962197978622118699e-02,-3.097930333682567205e+00,1.256934161520619818e+05,1.876208173195551208e+05,-8.608650589298490274e+01,-4.360920839540882298e+03,-6.157953885153217016e+03
8.001096742017399073e+08,1.406394295157138258e+05,-6.795767313964495848e-02,-3.022444167579549035e+00,1.268950185917910421e+05,1.861552600371319568e+05,8.966899761786163481e+02,-4.281614030059659854e+03,-6.142932617913699687e+03
8.001097946573877335e+08,1.452907432784317061e+05,-1.819084961609183371e-01,-2.940707599856314136e+00,1.277772282742751122e+05,1.840176168757448613e+05,1.925570882088257804e+03,-4.128772060939807488e+03,-6.002452794954051569e+03
8.001099088183772564e+08,1.500563667627172545e+05,-2.883283319838960135e-01,-2.859877977111934477e+00,1.279931701796182460e+05,1.817572716341897030e+05,2.864990427730806459e+03,-3.921570786431315810e+03,-5.753864519446265149e+03
8.001100204882955551e+08,1.549183397119380534e+05,-3.900008538354607368e-01,-2.775435823478717090e+00,1.274221019967707834e+05,1.796622783422605426e+05,3.734223561006783711e+03,-3.663569324645533015e+03,-5.406987933751267519e+03
8.001101469686064720e+08,1.604747960811052471e+05,-5.008849303745886994e-01,-2.670292273835646935e+00,1.257296704807069036e+05,1.777799696647785895e+05,4.641171155125915902e+03,-3.310326505741615165e+03,-4.898721139363659859e+03
8.001102647475913763e+08,1.655000758841540664e+05,-5.983790634774961426e-01,-2.559843145515951157e+00,1.232588258833381406e+05,1.766710362582188973e+05,5.395634391864692589e+03,-2.928775976618496770e+03,-4.325519239247802034e+03
8.001103914482975006e+08,1.705225819899588823e+05,-6.945777218788210527e-01,-2.423099282160773527e+00,1.199999406665903807e+05,1.761437895035328984e+05,6.094404174443756347e+03,-2.468831053822334070e+03,-3.615024097459207042e+03
8.001105182893368006e+08,1.749318944007214159e+05,-7.784561026756080526e-01,-2.262884993896890684e+00,1.166346589610328374e+05,1.761214094387168589e+05,6.662859159329444992e+03,-1.965126345054144849e+03,-2.822443871457886871e+03
8.001106440209407806e+08,1.784942400541976094e+05,-8.449531047685637786e-01,-2.077633780985841838e+00,1.137167172587162058e+05,1.763716898300284520e+05,7.085594235094474243e+03,-1.431884891255464709e+03,-1.974387298012702331e+03
8.001107677765748501e+08,1.810607159077916294e+05,-8.894113618785378650e-01,-1.870268966835689772e+00,1.116515375785306824e+05,1.766969106438867166e+05,7.356763540498957809e+03,-8.829009550719506478e+02,-1.097380527090339228e+03
8.001108875399689674e+08,1.825561407736865804e+05,-9.085837684489207478e-01,-1.652909047261441833e+00,1.106598782353392016e+05,1.769654123908141628e+05,7.477473597410889852e+03,-3.373462475875215887e+02,-2.265033323102887834e+02
8.001109927653729916e+08,1.830260712562045082e+05,-9.043713833385943479e-01,-1.458438191493892866e+00,1.106961947863030509e+05,1.771100320055302582e+05,7.466793267052045849e+03,1.469241221028665620e+02,5.427329288066418940e+02
8.001111179742087126e+08,1.825513256719522178e+05,-8.742617524574640697e-01,-1.236792865543349329e+00,1.118401699081042316e+05,1.771497773787903134e+05,7.312184223476474472e+03,7.209676354090853465e+02,1.445927473732127737e+03
8.001112391288752556e+08,1.810637242657458410e+05,-8.222044934545879036e-01,-1.043059027304728659e+00,1.139655313460673060e+05,1.770748306454901758e+05,7.018690191469147067e+03,1.265630289524701993e+03,2.289808740448239405e+03
8.001113629020425081e+08,1.785910822940422222e+05,-7.502846284268677168e-01,-8.706724120185144189e-01,1.169236734760561667e+05,1.769594092299284530e+05,6.578496563304373922e+03,1.802095465225943599e+03,3.103222314901076970e+03
8.001114831519410610e+08,1.753940701718982309e+05,-6.665937323360127120e-01,-7.268183723767283055e-01,1.202136339895805577e+05,1.769348884764270624e+05,6.023073617862734864e+03,2.295563814138564794e+03,3.829859952276666718e+03
8.001115911755051613e+08,1.719823087560711429e+05,-5.827518928500567963e-01,-6.144928396358136924e-01,1.231697780254352547e+05,1.771227301085319486e+05,5.425248548120392115e+03,2.708998474895346590e+03,4.416730179166489506e+03
8.001117164990696907e+08,1.675563123949086294e+05,-4.779505315661853326e-01,-5.000845400901807736e-01,1.261514186024124647e+05,1.777602181700934889e+05,4.626716342765711488e+03,3.145812230655128133e+03,5.006051963628845442e+03
8.001118448557014465e+08,1.627085730844438076e+05,-3.645879422426986372e-01,-3.962015745766127028e-01,1.282652061018102104e+05,1.789998092913661094e+05,3.708293975344908176e+03,3.537640249182752996e+03,5.494388607845798106e+03
8.001119726769993305e+08,1.577800953606348485e+05,-2.475491780876730719e-01,-3.020689975114734804e-01,1.291687014089973236e+05,1.807624490649884974e+05,2.712077762556149992e+03,3.864399838406292019e+03,5.853067922708637525e+03
8.001120994017337561e+08,1.529900793264219537e+05,-1.289092849777519478e-01,-2.145210109162223877e-01,1.289076347799238720e+05,1.827433889093003236e+05,1.665199256679275550e+03,4.119345027272589505e+03,6.074145185633908113e+03
8.001121990839987993e+08,1.493980876227505505e+05,-3.457250103299470967e-02,-1.477632147501226068e-01,1.280440392524676863e+05,1.841949300724265631e+05,8.149401786557824607e+02,4.268062225631045294e+03,6.150097774864085295e+03
8.001123119118638039e+08,1.456063611925346777e+05,7.253225875797690569e-02,-7.261641786056444170e-02,1.265803523675646720e+05,1.854506787966232805e+05,-1.603629056154488808e+02,4.378485298848518141e+03,6.130073083179283458e+03
8.001124319401981831e+08,1.419614340927209705e+05,1.860069132600970232e-01,8.902975698520153650e-03,1.247047267114973511e+05,1.860913280094568909e+05,-1.194836884986956875e+03,4.426127369905448177e+03,5.985292716492412183e+03
8.001125446989187002e+08,1.389403595223510638e+05,2.912909010862413939e-01,8.907997136352287237e-02,1.228627119130258507e+05,1.858944490547570167e+05,-2.146049673597560286e+03,4.403967420169732577e+03,5.735580705363955531e+03
8.001126598345636129e+08,1.362668192007355392e+05,3.964610495622107322e-01,1.769066871953994813e-01,1.210885027130425733e+05,1.848476124778228987e+05,-3.079188949931318803e+03,4.314120733201181793e+03,5.371484486969481623e+03
8.001127863624655008e+08,1.337855551609518006e+05,5.078400720068327878e-01,2.836338155257028260e-01,1.194385426395126124e+05,1.827669699812803010e+05,-4.040235779505523624e+03,4.137934669226824553e+03,4.852251574147158863e+03
8.001129031600166559e+08,1.318750916643505916e+05,6.049695922901808798e-01,3.952542599010050450e-01,1.183122853503771621e+05,1.801250818991619744e+05,-4.849847996229625096e+03,3.905340889316015364e+03,4.272153059629098607e+03
8.001130285883512497e+08,1.301635314625250176e+05,7.005990430509905220e-01,5.336750768623551577e-01,1.175965426709549210e+05,1.767634746176542831e+05,-5.618705519361787992e+03,3.584335116934137659e+03,3.554744100100998821e+03
8.001131539317713976e+08,1.287300964711280540e+05,7.836162714244121474e-01,6.959663394913108148e-01,1.173884703498759918e+05,1.731963566345120489e+05,-6.266929694970470337e+03,3.194888136454285359e+03,2.756067419074421196e+03
8.001132779861652851e+08,1.275136635049004108e+05,8.488840805051353078e-01,8.834966397514963932e-01,1.175909067180822749e+05,1.698634271098298195e+05,-6.776696923452746887e+03,2.748192064357136587e+03,1.903008607761741132e+03
8.001133999117474556e+08,1.264611116319457069e+05,8.917250845984541208e-01,1.092858380711048127e+00,1.180133553881664120e+05,1.672027794883556198e+05,-7.139686491023588133e+03,2.257004076002484453e+03,1.022482135367961860e+03
8.001135176139837503e+08,1.255508304875409231e+05,9.090280643355617141e-01,1.311064344344905486e+00,1.184245230738137179e+05,1.655837773091308190e+05,-7.353515891832273155e+03,1.741365813366321390e+03,1.508564044742255987e+02
8.001136174920122623e+08,1.248560680268341675e+05,9.036605178364084390e-01,1.498913382896963409e+00,1.186429069232595211e+05,1.651336284463546181e+05,-7.426768758685037938e+03,1.277882333102255643e+03,-5.921237611337163571e+02
8.001137401784120798e+08,1.241179121325779706e+05,8.725560711817053061e-01,1.719436267620616521e+00,1.186768789999113651e+05,1.658017911091110436e+05,-7.379553717084933851e+03,6.841500489555744480e+02,-1.492135629776205633e+03
8.001138605766054392e+08,1.235594743162589148e+05,8.189406052808222425e-01,1.914400255015855645e+00,1.185241065968947805e+05,1.676000611734697595e+05,-7.187507313745569263e+03,8.468308851318155916e+01,-2.343864332237343206e+03
8.001139824730643034e+08,1.232287409171918407e+05,7.460208554446455809e-01,2.085892104296460658e+00,1.183540039526938781e+05,1.702067112521503586e+05,-6.850350806909483254e+03,-5.287471008373778432e+02,-3.155777781127314483e+03
8.001141006181194782e+08,1.232126776414541528e+05,6.618152994941927103e-01,2.228512330454578194e+00,1.183514828940553707e+05,1.730648904654366779e+05,-6.393401646529086065e+03,-1.119374117378891697e+03,-3.877646792226974867e+03
8.001142076888962984e+08,1.235279532958222553e+05,5.770009150481363314e-01,2.340764170532845245e+00,1.185932638642259553e+05,1.756030620262674056e+05,-5.876322632636843991e+03,-1.642913015763812382e+03,-4.463996007606844614e+03
8.001143326713372469e+08,1.243773307265518233e+05,4.706034336070294977e-01,2.455631143422901008e+00,1.192289628562884318e+05,1.781592648712830560e+05,-5.160651290135263480e+03,-2.229855611892976412e+03,-5.053285586840598626e+03
8.001144600902364254e+08,1.258607665284415707e+05,3.563689596291328976e-01,2.559332719028137859e+00,1.202610329367198719e+05,1.800134371994885732e+05,-4.322549255326002822e+03,-2.790297342909625513e+03,-5.535424442087410171e+03
8.001145872761350870e+08,1.280267889392385259e+05,2.385122012992625384e-01,2.653469814803963267e+00,1.215989551341260230e+05,1.808954640114461945e+05,-3.395845604796443695e+03,-3.300273453406932276e+03,-5.886060268361680755e+03
8.001147136363030672e+08,1.308827506569381803e+05,1.191604876143158021e-01,2.741170246758942497e+00,1.230926398492366570e+05,1.807243257578122721e+05,-2.406827475440949911e+03,-3.747721310134864325e+03,-6.097245582069384909e+03
8.001147923888143301e+08,1.330110646415734664e+05,4.420294722034241730e-02,2.794221327057489379e+00,1.240225242819527193e+05,1.801034736340893724e+05,-1.765711969016622106e+03,-3.992627194290190801e+03,-6.157539235403511157e+03
8.001149067711658478e+08,1.365447415532581508e+05,-6.477898612604832129e-02,2.870687261850298988e+00,1.252333715447263676e+05,1.785906816196614818e+05,-8.139863196770252216e+02,-4.297132519322959524e+03,-6.146464850051886060e+03
8.001150274725823402e+08,1.407671138489106670e+05,-1.791023339704928830e-01,2.952609554268543768e+00,1.261241090354714397e+05,1.764213855712637596e+05,1.997326491161684885e+02,-4.547585042806211277e+03,-6.008858539779915191e+03
8.001151421934721470e+08,1.451396069440199062e+05,-2.862058197381874836e-01,3.033827539877527624e+00,1.263607220195794653e+05,1.741271519386423752e+05,1.154228583750325697e+03,-4.713754499416270846e+03,-5.761254993476386517e+03
8.001152510277558565e+08,1.494881745211081579e+05,-3.855103597217441891e-01,3.116019588946043140e+00,1.258371997339449299e+05,1.720634228080034954e+05,2.036067554326578147e+03,-4.803747686126673216e+03,-5.425824324046868242e+03
8.001153774246594906e+08,1.546058722502989694e+05,-4.966787997554477085e-01,-3.062407920579887310e+00,1.241840715532194590e+05,1.701558497580130061e+05,3.012735758234623972e+03,-4.823330799355444469e+03,-4.921648119455502638e+03
8.001154967957835197e+08,1.593137596513237804e+05,-5.958599777290022326e-01,-2.950774923728901378e+00,1.216778092010707915e+05,1.690202065504680213e+05,3.870890299956608942e+03,-4.757121006567260338e+03,-4.342806888496444117e+03
8.001156234963722229e+08,1.639597904241597280e+05,-6.924638294280764939e-01,-2.814309663898205027e+00,1.183754329336296796e+05,1.684912080482114397e+05,4.695738181183687630e+03,-4.597382307001807931e+03,-3.633099151437899309e+03
8.001157501521396637e+08,1.680292086315695196e+05,-7.766981082552797400e-01,-2.654638739532510616e+00,1.149477873234798753e+05,1.684639610050501360e+05,5.415586872168826631e+03,-4.347824007150540638e+03,-2.841732474489411743e+03
8.001158757186324596e+08,1.713060172336939722e+05,-8.436659602887713882e-01,-2.469909502483862429e+00,1.119615643742108223e+05,1.687017491605977411e+05,6.011991032923455350e+03,-4.015502646264872055e+03,-1.994191702875471265e+03
8.001159993306305408e+08,1.736470427010655403e+05,-8.886866267733996017e-01,-2.262897883741622262e+00,1.098395591741900571e+05,1.690092625478517439e+05,6.474117545860055543e+03,-3.610910861453164216e+03,-1.117005636709339342e+03
8.001161190242960453e+08,1.749810121277775615e+05,-9.084503244194885863e-01,-2.045475524209307228e+00,1.088142319869961066e+05,1.692593984206352907e+05,6.795622119184053190e+03,-3.151969109830129582e+03,-2.449492863059264494e+02
8.001162248784373999e+08,1.753559493496986106e+05,-9.046262111108777093e-01,-1.849402415147470391e+00,1.088459535341563169e+05,1.693899141219025187e+05,6.972457828837378656e+03,-2.696608593543016013e+03,5.307286061530838879e+02
8.001163500106443167e+08,1.748209458343759179e+05,-8.748323078588357005e-01,-1.627199538693212322e+00,1.100098695395109535e+05,1.694154946017278999e+05,7.048505322937032361e+03,-2.106222297817118033e+03,1.435797572249999803e+03
8.001164716144286394e+08,1.733277738766977564e+05,-8.226954319230380674e-01,-1.432087676824875810e+00,1.121769108512006787e+05,1.693316527671091026e+05,6.983759222392212905e+03,-1.487525924780802598e+03,2.285224083134017746e+03
8.001165953566069603e+08,1.709148144359225407e+05,-7.507596734673627203e-01,-1.259207320546692710e+00,1.151655910567029350e+05,1.692133435964570090e+05,6.779515910680953311e+03,-8.230911815728213696e+02,3.100756913885485574e+03
8.001167157105040550e+08,1.678300500018969178e+05,-6.668832336480626788e-01,-1.114827843121624307e+00,1.184695174473734223e+05,1.691925563918763946e+05,6.451327859590505795e+03,-1.540712485042688229e+02,3.830058130542571689e+03
8.001168250219776630e+08,1.645272065294850618e+05,-5.818536876620374887e-01,-1.000975761491884386e+00,1.214446015420706244e+05,1.693952917604296235e+05,6.048097381951271927e+03,4.634633353660834700e+02,4.425051374244500039e+03
8.001169482259967327e+08,1.603989363697823137e+05,-4.786169181061152855e-01,-8.883029887743737474e-01,1.243267945305792091e+05,1.700465090379329922e+05,5.482094816347346750e+03,1.159424723931472727e+03,5.005577560848120811e+03
8.001170761757044792e+08,1.558558794367378578e+05,-3.654422646236162864e-01,-7.844741386189856280e-01,1.263652337397228112e+05,1.713141245445960085e+05,4.781223595467061386e+03,1.868807566265754758e+03,5.494230895905673606e+03
8.001172037919273376e+08,1.512730592088699341e+05,-2.484156112184731091e-01,-6.902647422309655667e-01,1.271978612635162572e+05,1.731064036580259854e+05,3.982587985566608495e+03,2.548448952179716343e+03,5.854031995977737097e+03
8.001173303640753031e+08,1.468651095459265634e+05,-1.297431310331006171e-01,-6.026409023674982324e-01,1.268913065164873988e+05,1.751022070538685657e+05,3.109452467180878557e+03,3.180953541459445660e+03,6.076243781125065652e+03
8.001174555193954706e+08,1.427937230459488928e+05,-1.106100117028814035e-02,-5.187972507590483673e-01,1.257233821023896598e+05,1.768744513306822046e+05,2.185204303184047149e+03,3.752467001460399842e+03,6.158550625229070647e+03
8.001175559762552977e+08,1.398096903988523409e+05,8.442433849582983707e-02,-4.517189420283281298e-01,1.243716073861872283e+05,1.778876661547968979e+05,1.412740601186646018e+03,4.164083257049794156e+03,6.124038083676054157e+03
8.001176746758937836e+08,1.366655380725916475e+05,1.966840588496220066e-01,-3.707127433227788149e-01,1.225259569059905189e+05,1.783949227108474297e+05,4.803285164472812880e+02,4.587759585559196239e+03,5.968164399664460689e+03
8.001177862700133324e+08,1.341107336044032127e+05,3.008259772375941332e-01,-2.908231079375518946e-01,1.207360528909386485e+05,1.780721918135153537e+05,-4.006993673461659000e+02,4.916818598932380155e+03,5.710360958292268151e+03
8.001179039458775520e+08,1.318343663910692558e+05,4.081102636531874772e-01,-2.001886770967486739e-01,1.189693539686220029e+05,1.768607914708481985e+05,-1.317779498957501346e+03,5.184109231997278584e+03,5.326665521469268242e+03
8.001180303456064463e+08,1.298308270053276792e+05,5.189161945339509918e-01,-9.215961566106191383e-02,1.173756697852000652e+05,1.746369212191145634e+05,-2.270078960344145798e+03,5.373436329396379733e+03,4.795123247187160814e+03
8.001181457275807858e+08,1.283461467435117811e+05,6.142506449886370179e-01,1.972269358534071287e-02,1.163049901836668869e+05,1.719256681496395322e+05,-3.092947111140978905e+03,5.453314966322941473e+03,4.211988255847320033e+03
8.001182707921191454e+08,1.270319369500288740e+05,7.086814060039270391e-01,1.598218780608120781e-01,1.156224593454352726e+05,1.685023234284654900e+05,-3.917474218487201142e+03,5.436597457527578626e+03,3.487757328631266773e+03
8.001183958799927235e+08,1.259409646512204781e+05,7.902371498836850972e-01,3.242150512718655064e-01,1.154321322731952678e+05,1.649036883763000660e+05,-4.655591701173520050e+03,5.311229045533631506e+03,2.683535331835643774e+03
8.001185196697424650e+08,1.250038756734021008e+05,8.536572258118021450e-01,5.138376252426211099e-01,1.156392551507511525e+05,1.615585497795546835e+05,-5.286163732493948373e+03,5.081146592289417640e+03,1.826982754636189156e+03
8.001186412454314232e+08,1.241635910751568154e+05,8.943044977792362626e-01,7.245861256550351071e-01,1.160560611584884027e+05,1.588866287382248265e+05,-5.796805627866919167e+03,4.755521625502056850e+03,9.455624564592353636e+02
8.001187339169386625e+08,1.235546725337086245e+05,9.082743400614363694e-01,8.964792909500008955e-01,1.163804310791834141e+05,1.574943431659390335e+05,-6.107807482313335640e+03,4.443961299826109098e+03,2.587590388162627733e+02
8.001188388280599117e+08,1.228922609386947006e+05,9.049476989185446518e-01,1.094061917573425191e+00,1.166297793512305943e+05,1.567670277846613026e+05,-6.373712342527021065e+03,4.029110678745204495e+03,-5.224166762024941590e+02
8.001189610642111301e+08,1.221702633110312745e+05,8.759615933924902453e-01,1.315141040442928011e+00,1.166802649234219862e+05,1.571382944487229688e+05,-6.563957342173240249e+03,3.469239980635776192e+03,-1.421388415758976407e+03
8.001190833748915195e+08,1.215425094263125211e+05,8.230350670393149493e-01,1.515047525836042741e+00,1.165229065989481023e+05,1.586879700134406448e+05,-6.622917214091751703e+03,2.836017649847911798e+03,-2.290099553208166981e+03
8.001192056308987141e+08,1.210768735077660531e+05,7.509207296276744215e-01,1.688726308830390099e+00,1.163315987736174138e+05,1.610650767394657014e+05,-6.550368464249473618e+03,2.141501146277415046e+03,-3.108609503813364427e+03
8.001193246554036140e+08,1.208603943202430382e+05,6.667513854699905762e-01,1.833742786973803884e+00,1.162998331266292953e+05,1.637505336096437823e+05,-6.355856732400221517e+03,1.418380136520878750e+03,-3.840551780115451947e+03
8.001194339866971970e+08,1.209431993590164930e+05,5.804779391606337269e-01,1.949157951455932070e+00,1.165205756232699496e+05,1.661911631970202434e+05,-6.073525352166339871e+03,7.244413940175800235e+02,-4.443246034413322377e+03
8.001195552435442209e+08,1.214347873109690845e+05,4.775256812505959125e-01,2.061361870316200218e+00,1.171066943867352966e+05,1.685379357307321043e+05,-5.650968082979917199e+03,-6.525475620948461142e+01,-5.020546076181859462e+03
8.001196818691905737e+08,1.224828197520095855e+05,3.642558672167377498e-01,2.165214331550083582e+00,1.180980522867752879e+05,1.702949505982180417e+05,-5.096822439356933501e+03,-8.966692901347304314e+02,-5.508197203129196168e+03
8.001198090026181936e+08,1.241543750416981056e+05,2.465820133072757492e-01,2.259896149729778703e+00,1.194089851870535786e+05,1.711322110753395827e+05,-4.437494238235924058e+03,-1.721005012152957761e+03,-5.868171354343539861e+03
8.001199363904843330e+08,1.264881922641126439e+05,1.262742013632369154e-01,2.348667505432246561e+00,1.208997193758146605e+05,1.709294881475059374e+05,-3.688823450731489629e+03,-2.518831923405830821e+03,-6.090260416600170174e+03
8.001200314237989187e+08,1.286563745860122144e+05,3.574360125974834074e-02,2.412758222420687826e+00,1.220119679376441345e+05,1.701087222073075245e+05,-3.083150892189133174e+03,-3.085325394676973701e+03,-6.162492043907080188e+03
8.001201451630226374e+08,1.317000753804575652e+05,-7.272023121292138514e-02,2.488895213901919146e+00,1.231864668726051896e+05,1.684759027301327733e+05,-2.317148966413694779e+03,-3.720390382959413728e+03,-6.142670271659893842e+03
8.001202656916942596e+08,1.353893850818062201e+05,-1.869320267366952892e-01,2.570983077840555353e+00,1.240248917290469544e+05,1.662022003104927426e+05,-1.470984750833909857e+03,-4.330640747704698697e+03,-5.996159870536273957e+03
8.001203798136801720e+08,1.392217682390594855e+05,-2.934778771557950416e-01,2.652215665295773128e+00,1.241869357152482698e+05,1.638629556231124443e+05,-6.519705678236680342e+02,-4.838236074241870483e+03,-5.741534089384836079e+03
8.001204908535776138e+08,1.431481660733530298e+05,-3.947108004983850837e-01,2.736747562439953541e+00,1.235421072452684602e+05,1.617642208562771266e+05,1.477687962949389373e+02,-5.257735880946830548e+03,-5.390549719235646990e+03
8.001206173514571190e+08,1.476882529000313953e+05,-5.057102712336196682e-01,2.842770288421099689e+00,1.217175018717135827e+05,1.599441740222313092e+05,1.045645117118907137e+03,-5.637031388332550705e+03,-4.875163277580132672e+03
8.001207359729274511e+08,1.518293861601762474e+05,-6.038693198496425385e-01,2.955169726266067887e+00,1.190744097850360849e+05,1.589356278872276889e+05,1.859120097960256089e+03,-5.889979670860821898e+03,-4.290592011510051634e+03
8.001208623886243105e+08,1.559137707173069939e+05,-6.996108874617056328e-01,3.093291936732990965e+00,1.156742659147693339e+05,1.585144930768800550e+05,2.679160909756719775e+03,-6.044047609093430765e+03,-3.573602418925717302e+03
8.001209887738934755e+08,1.594569631322324276e+05,-7.826924286015763954e-01,-3.028175313206676655e+00,1.122258962450044783e+05,1.585390281707217218e+05,3.434910221965437358e+03,-6.075001039275121002e+03,-2.776113908766365512e+03
8.001211139784448147e+08,1.622569164283405989e+05,-8.480999738050425396e-01,-2.841392939277618712e+00,1.092828487095159653e+05,1.587734278035874304e+05,4.106183758064331414e+03,-5.982717516646352124e+03,-1.924484135513157071e+03
8.001212371688437462e+08,1.641860724554592744e+05,-8.912142883498185286e-01,-2.632791277257064078e+00,1.072376801731794840e+05,1.590426818566691363e+05,4.679478415727849097e+03,-5.773242968135627962e+03,-1.045179629646532248e+03
8.001213561029989719e+08,1.651861987198852003e+05,-9.089036582899387984e-01,-2.415348266539179001e+00,1.062998358982648642e+05,1.592416203202974284e+05,5.141585284093675909e+03,-5.462099781875314875e+03,-1.750637398577997885e+02
8.001214582169197798e+08,1.653379278873931617e+05,-9.038005960437073272e-01,-2.225843968435682996e+00,1.063899748101869773e+05,1.593266770737169136e+05,5.461123392931094713e+03,-5.113060408591112719e+03,5.752981217021593920e+02
8.001215826718411446e+08,1.646424852669928223e+05,-8.729033379236389445e-01,-2.005027360191614427e+00,1.076073629351427371e+05,1.593130991698762809e+05,5.748768509741303205e+03,-4.591424312298653604e+03,1.477208840632250713e+03
8.001217037621842623e+08,1.630838378588249907e+05,-8.199325927790458435e-01,-1.811281094049999263e+00,1.098273065589571779e+05,1.592051872796864773e+05,5.917432093709731816e+03,-3.990628971451144480e+03,2.323901259429162565e+03
8.001218272105889320e+08,1.606928498071329668e+05,-7.472652959176760978e-01,-1.639460545783395951e+00,1.128706895927135192e+05,1.590787681887272629e+05,5.974329563659332052e+03,-3.294112428180351799e+03,3.137465165207764585e+03
8.001219473178933859e+08,1.577161253255950287e+05,-6.628221466661157191e-01,-1.495955746390798868e+00,1.162089689391396969e+05,1.590713901093896129e+05,5.918170892582606029e+03,-2.546925386721869017e+03,3.864295409746162477e+03
8.001220565180163383e+08,1.545807851419914514e+05,-5.773042533164186585e-01,-1.382649966437724753e+00,1.191776350768110133e+05,1.593139519568053656e+05,5.773255783123691799e+03,-1.819158630353152375e+03,4.456930563374456142e+03
8.001221793637182713e+08,1.507272722995514050e+05,-4.738152244749526121e-01,-1.270655445308108700e+00,1.219728913387723296e+05,1.600508951541572751e+05,5.507039999969571909e+03,-9.591246613260259437e+02,5.032864032260025851e+03
8.001223069727443457e+08,1.465506262355623767e+05,-3.604600442495518031e-01,-1.167317211100103114e+00,1.238360872730667470e+05,1.614444636049022374e+05,5.121046823254890114e+03,-3.638600974098798702e+01,5.516296307657676152e+03
8.001224342452286482e+08,1.424070355639597401e+05,-2.433462103743538885e-01,-1.073445743875469871e+00,1.244544004864423914e+05,1.633485234856937313e+05,4.633752455504665704e+03,8.946760317855178073e+02,5.870406337776842520e+03
8.001225604793421030e+08,1.384958965468136594e+05,-1.246608677183044939e-01,-9.860289145328517968e-01,1.239683246894287149e+05,1.653772052630787657e+05,4.060260279341079695e+03,1.809203741547987192e+03,6.086694998955946176e+03
8.001226535211158991e+08,1.358247823153994977e+05,-3.629541116348796587e-02,-9.234993258580087572e-01,1.230784703014800907e+05,1.666963415146311163e+05,3.587311432885909198e+03,2.466121965258472756e+03,6.156767602946818442e+03
8.001227665073388815e+08,1.328917761820219457e+05,7.130261057924465462e-02,-8.479842706243708728e-01,1.215976576121017861e+05,1.678409294695142307e+05,2.964477129765794871e+03,3.231905242796649418e+03,6.138163375943322535e+03
8.001228864145519733e+08,1.302023001679684967e+05,1.850015711616533609e-01,-7.663103333506576798e-01,1.197665490620224591e+05,1.682957526389987033e+05,2.256575183997395925e+03,3.992105468423344973e+03,5.994195692086029339e+03
8.001229998796311617e+08,1.280782027304591611e+05,2.912295520114827618e-01,-6.854189160931266622e-01,1.179778107230862224e+05,1.678908070006301859e+05,1.554237733272099831e+03,4.648106421956941631e+03,5.742562540894145059e+03
8.001231112138515711e+08,1.263810995352827013e+05,3.932110158567428404e-01,-6.003931406202861476e-01,1.163188127459532261e+05,1.666853145925008866e+05,8.461519285473759737e+02,5.220045897464964582e+03,5.390970719328384803e+03
8.001232368250195980e+08,1.248823749686433002e+05,5.041700410574677660e-01,-4.945935887259002017e-01,1.147075290990927897e+05,1.644380845926618495e+05,3.922314718664389943e+01,5.767124499227309570e+03,4.877666608215828091e+03
8.001233565824545622e+08,1.237955155997322872e+05,6.040796773171634992e-01,-3.802616943923757264e-01,1.135399861987749027e+05,1.615755294984454522e+05,-7.234966336680179211e+02,6.180533513752090585e+03,4.283450975038808792e+03
8.001234819307484627e+08,1.229243104017516598e+05,6.998729100388303426e-01,-2.418917281331591507e-01,1.127783170480315748e+05,1.580710006335354410e+05,-1.499438376956998127e+03,6.490151223263028442e+03,3.565525761540631720e+03
8.001236065988270044e+08,1.222305604853983968e+05,7.826876614611294469e-01,-8.052931816666041021e-02,1.125025101395772945e+05,1.543804673627985467e+05,-2.233448747956171701e+03,6.665631765723235731e+03,2.770152971520355550e+03
8.001237303176867962e+08,1.216220424019340426e+05,8.480931865069204489e-01,1.063314790287429729e-01,1.126411441600791150e+05,1.508766883929338946e+05,-2.910669179644065480e+03,6.704317317391927645e+03,1.918424727321328646e+03
8.001238520693126917e+08,1.210309133535446599e+05,8.912450358958635688e-01,3.152486655650829639e-01,1.130317851867618447e+05,1.479655008749095141e+05,-3.515000232139290802e+03,6.608674126708721815e+03,1.038047455166907866e+03
8.001239697712647915e+08,1.204248629740281031e+05,9.089326454984751891e-01,5.334538787651891267e-01,1.134469855463733402e+05,1.460101461133735429e+05,-4.030511072504255026e+03,6.390815028827102651e+03,1.651604423523571370e+02
8.001240705742604733e+08,1.198674662395352498e+05,9.037411992159737339e-01,7.231802883821373262e-01,1.136810263983887126e+05,1.452106023863758310e+05,-4.411880408604394688e+03,6.108513684642402950e+03,-5.859106994660136252e+02
8.001241933723649979e+08,1.191522868488840759e+05,8.727269731011524367e-01,9.441165899133669992e-01,1.137174246787061711e+05,1.454118482064282580e+05,-4.794840647819435617e+03,5.650303596837871737e+03,-1.488228579359758442e+03
8.001243157843763828e+08,1.184404870952265337e+05,8.181066147712833247e-01,1.142346939218611634e+00,1.135408448038728093e+05,1.467348566731016035e+05,-5.081594693461619499e+03,5.076459678270866789e+03,-2.355302905080725850e+03
8.001244376885167360e+08,1.178010737627418712e+05,7.449287568756423061e-01,1.313622121944832077e+00,1.133378711899830960e+05,1.487854259272024792e+05,-5.268620766588872357e+03,4.399487380004882652e+03,-3.167716451081113064e+03
8.001245560806334019e+08,1.173293604855742306e+05,6.603186252922109700e-01,1.456323453414698488e+00,1.132970524909594096e+05,1.510422148221193638e+05,-5.353916238358604460e+03,3.653424100804197678e+03,-3.891128017416078364e+03
8.001246643164554834e+08,1.171034732397096232e+05,5.743464563616158536e-01,1.569551582443786897e+00,1.134956783929710509e+05,1.529969490570227208e+05,-5.348471370789735374e+03,2.906617833611675906e+03,-4.483106561744121791e+03
8.001247863221744299e+08,1.171718035063035786e+05,4.702820766196448288e-01,1.681588775064087216e+00,1.140375136734195548e+05,1.547701564419339702e+05,-5.248082808752345045e+03,2.005523279185425281e+03,-5.057868157342327322e+03
8.001249117025291920e+08,1.176869220493687317e+05,3.577569335521320615e-01,1.783821047275949034e+00,1.149364594877204217e+05,1.558905056401898619e+05,-5.044170622370942510e+03,1.032205519469149294e+03,-5.533771725209584474e+03
8.001250377690716982e+08,1.187322525111688301e+05,2.408073987405145722e-01,1.877407343589442501e+00,1.161271253617286420e+05,1.561745983741880045e+05,-4.741694634296852200e+03,2.584183780531165553e+01,-5.884140204991583232e+03
8.001251644031497240e+08,1.203563272212781012e+05,1.210057241057050093e-01,1.965561152260487443e+00,1.174943152521655720e+05,1.555683343001510366e+05,-4.347022871076714182e+03,-9.912249663674036810e+02,-6.098683361309042084e+03
8.001252457801973820e+08,1.217061542723067105e+05,4.338696734252922571e-02,2.020524137335720560e+00,1.183820327674547589e+05,1.547168137827740575e+05,-4.049615302511095251e+03,-1.637760602595369619e+03,-6.161495536310472744e+03
8.001253664740270376e+08,1.241264674257086590e+05,-7.187895116187584255e-02,2.101455438122219910e+00,1.195549835348643101e+05,1.528619246681582299e+05,-3.552387057393749728e+03,-2.572007200054542864e+03,-6.145156012622179333e+03
8.001254884130537510e+08,1.270196824932377785e+05,-1.876207282259872156e-01,2.184668220383779058e+00,1.203257194195292832e+05,1.504762511792894511e+05,-2.991169318126997041e+03,-3.469103755430790898e+03,-5.996596680388290224e+03
8.001256029631136656e+08,1.300572700458830222e+05,-2.947525235430620838e-01,2.266431512710824769e+00,1.203807316960374301e+05,1.481113547789269651e+05,-2.420107518829638138e+03,-4.252740500213295491e+03,-5.739258598382918535e+03
8.001257131585057974e+08,1.331661691435966641e+05,-3.954048939951944619e-01,2.350592274837298490e+00,1.195631233771340048e+05,1.461045366528204759e+05,-1.840081919568583089e+03,-4.939126968519797629e+03,-5.388929661251306243e+03
8.001258395517631769e+08,1.368046103290952742e+05,-5.065414365062115287e-01,2.456904085980565977e+00,1.174312784447591257e+05,1.444935900728788401e+05,-1.149665672490160432e+03,-5.630082078421047299e+03,-4.871477560305878796e+03
8.001259589028434753e+08,1.401449532571556047e+05,-6.054780853972244747e-01,2.570524061251389991e+00,1.144499117582594772e+05,1.437194943601185805e+05,-4.850567612690052215e+02,-6.175080060876499374e+03,-4.280088237209733961e+03
8.001260851534525156e+08,1.433893095064843073e+05,-7.011889906883882473e-01,2.709273867147750980e+00,1.108063137307634606e+05,1.434817151065064245e+05,2.181827154480695015e+02,-6.625926854868575901e+03,-3.559856702399133155e+03
8.001262112229125500e+08,1.461486790395127609e+05,-7.840525956413885167e-01,2.871609673528758844e+00,1.072703986844589817e+05,1.435602478617267625e+05,9.074465946092551576e+02,-6.937501816652037633e+03,-2.759910792068731553e+03
8.001263360514291525e+08,1.482469874716708437e+05,-8.491135086258216891e-01,3.059012133361606711e+00,1.043669187071758060e+05,1.437385815637347405e+05,1.564529199813893911e+03,-7.102598030275954443e+03,-1.906310418084285175e+03
8.001264587642754316e+08,1.495735304035544395e+05,-8.917560690475234697e-01,-3.015176752256216730e+00,1.024299256401236198e+05,1.438889282305930392e+05,2.174416373451217623e+03,-7.121939582856905872e+03,-1.025973869894537074e+03
8.001265771770055294e+08,1.500881419657012448e+05,-9.089406983798701267e-01,-2.797653462591670248e+00,1.016111765424298646e+05,1.439514533944421855e+05,2.719305885691570893e+03,-7.005258569781412007e+03,-1.555105088848100934e+02
8.001266777167074680e+08,1.499117400648556650e+05,-9.035823380219899503e-01,-2.610360652927423253e+00,1.017816463492425974e+05,1.439248350968540763e+05,3.141930577431533493e+03,-6.802912925380940578e+03,5.866780730971792082e+02
8.001268016095575094e+08,1.489297083020368591e+05,-8.724754009431263668e-01,-2.389792022229999979e+00,1.030568684205204918e+05,1.437990577388024831e+05,3.604954104786878816e+03,-6.426704667949569739e+03,1.488569389598050293e+03
8.001269226109188795e+08,1.472079235529648140e+05,-8.191192049542938003e-01,-2.195627229292742566e+00,1.052994685053435387e+05,1.436173174643247330e+05,3.988879800890260412e+03,-5.930273067656541571e+03,2.338272496258461160e+03
8.001270456957533360e+08,1.447809516679132357e+05,-7.461693583079798131e-01,-2.023902148824395564e+00,1.083201045657277718e+05,1.434609549616600561e+05,4.304106095263860880e+03,-5.303666755461391404e+03,3.152598458663097972e+03
8.001271655245859623e+08,1.418918803274687380e+05,-6.614179253055340046e-01,-1.880418838059807474e+00,1.115901108571601799e+05,1.434806454194678226e+05,4.533473247700004322e+03,-4.586933606383047845e+03,3.880182368057770873e+03
8.001272751369546652e+08,1.389225019245054573e+05,-5.750893491706043914e-01,-1.766492448349332944e+00,1.144479133799924602e+05,1.438203049818266882e+05,4.673571498201796203e+03,-3.850229225001336999e+03,4.476395196950145873e+03
8.001273963017200232e+08,1.354320629171412438e+05,-4.725057991212114339e-01,-1.655796320933933030e+00,1.169598712586601032e+05,1.447544317324712174e+05,4.749138518208779715e+03,-2.959829283511692665e+03,5.045384966747866201e+03
8.001275231586546898e+08,1.317246541127879173e+05,-3.593390359326404937e-01,-1.552748862143041197e+00,1.184404017810603254e+05,1.464358263557957835e+05,4.738448453121989587e+03,-1.960035894054041819e+03,5.526844009258994447e+03
8.001276496955780983e+08,1.281558894894653931e+05,-2.424509752879595303e-01,-1.459098577331721103e+00,1.186597492705520999e+05,1.485714339888560935e+05,4.637255453049407151e+03,-9.147844874140021147e+02,5.879300961060517693e+03
8.001277750762393475e+08,1.249061135220900178e+05,-1.241507284231501834e-01,-1.371955747334800302e+00,1.178693092785904591e+05,1.506235731139426643e+05,4.450445675700704669e+03,1.460995029735519211e+02,6.094171243348493590e+03
8.001278691496449709e+08,1.227303167055789381e+05,-3.450926920227660039e-02,-1.308507034462544460e+00,1.168116515846641560e+05,1.518068948674513376e+05,4.256203896448299020e+03,9.448869145015935374e+02,6.164227696441878834e+03
8.001279825536739826e+08,1.204633161625610664e+05,7.381502516798449376e-02,-1.232436384550612329e+00,1.151976797252449178e+05,1.525701045334291994e+05,3.964070414012007404e+03,1.895820372911067125e+03,6.143067692944709961e+03
8.001281014278837442e+08,1.185372059750966728e+05,1.868328569598052269e-01,-1.151151938121189211e+00,1.132850751073237188e+05,1.524224652303450275e+05,3.594989239089928560e+03,2.861174106428407413e+03,5.997237129690929578e+03
8.001282142917749882e+08,1.171351026025200263e+05,2.927394687278258578e-01,-1.070378252135193664e+00,1.114059392529994366e+05,1.513311679793514195e+05,3.191086006911761615e+03,3.730948596149673449e+03,5.744160064584042630e+03
8.001283244888010025e+08,1.161375235208021477e+05,3.938827446001318400e-01,-9.859254726535517932e-01,1.096266335763362877e+05,1.494158478215476789e+05,2.752835852399397481e+03,4.521117319171092277e+03,5.393772744289405637e+03
8.001284483948748112e+08,1.153874677818948403e+05,5.035589501200384843e-01,-8.813161840146659376e-01,1.078102622980500601e+05,1.463995645987459284e+05,2.216656318177508183e+03,5.323061253000183569e+03,4.885670162059221184e+03
8.001285735377672911e+08,1.149286480105714872e+05,6.080085112493102129e-01,-7.612973354492054145e-01,1.062866430965513136e+05,1.426479064296297438e+05,1.638481937097325044e+03,6.023094085608228852e+03,4.261087620807222265e+03
8.001286985308837891e+08,1.146484545540288091e+05,7.032632070520914436e-01,-6.222397047784022917e-01,1.051702130184448033e+05,1.384638241838400718e+05,1.035201682542975504e+03,6.596603537622957447e+03,3.539697564783102280e+03
8.001288230363004208e+08,1.144217425977811217e+05,7.855145748038965259e-01,-4.598533064112667046e-01,1.045206427375256171e+05,1.341473195995540591e+05,4.198721125980149509e+02,7.030313313346552604e+03,2.740549628902875156e+03
8.001289465755184889e+08,1.141358747302573174e+05,8.501513603782607786e-01,-2.719776167526373745e-01,1.043448431446991017e+05,1.299998093841419468e+05,-1.937521239919705067e+02,7.315374515036346565e+03,1.885983542315599607e+03
8.001290682795013189e+08,1.137067148658046499e+05,8.923975740844635185e-01,-6.203823602326890424e-02,1.045763210702397773e+05,1.263161374652694067e+05,-7.905813022785547446e+02,7.448388529812556044e+03,1.002668863433697879e+03
8.001291858578515053e+08,1.130979253071788698e+05,9.090447766032541121e-01,1.565658971289420887e-01,1.050526229841855238e+05,1.233855620821426419e+05,-1.350307797161958433e+03,7.434532049297613412e+03,1.282533000225202500e+02
8.001292842393062115e+08,1.124239512821622193e+05,9.032939116602982654e-01,3.418393256520639301e-01,1.054911553209910926e+05,1.215741212021195824e+05,-1.799390641735300505e+03,7.315201377520687856e+03,-6.063089987188947134e+02
8.001294057035405636e+08,1.113898046459546313e+05,8.721769870071246489e-01,5.603397249097515909e-01,1.058656908017594542e+05,1.202712532068703149e+05,-2.321874327157147491e+03,7.034562156357708773e+03,-1.500486664865478133e+03
8.001295274801101685e+08,1.101633662388697267e+05,8.175896884294761024e-01,7.575439127522605176e-01,1.059340335738908761e+05,1.198711512917470245e+05,-2.802112985700414811e+03,6.610321847889362289e+03,-2.364673031822128451e+03
8.001296461166173220e+08,1.088458281752411276e+05,7.463707579723900531e-01,9.245923358817698112e-01,1.057927175675106701e+05,1.198165164061161049e+05,-3.220404209670155979e+03,6.067161777356287530e+03,-3.157535411536339325e+03
8.001297598418216705e+08,1.075386485711773857e+05,6.653959887476099677e-01,1.062661621142282575e+00,1.056086408687467483e+05,1.193102551777438639e+05,-3.569313598140439808e+03,5.435518871652515372e+03,-3.856715703266474065e+03
8.001298643101087809e+08,1.063600029960693792e+05,5.828283243007577052e-01,1.173266636310518862e+00,1.054105569560892764e+05,1.177577367769159173e+05,-3.840520914000022458e+03,4.768984121031587165e+03,-4.434744093077623802e+03
8.001299763607491255e+08,1.051743422227948904e+05,4.878379436411715564e-01,1.278029043009819121e+00,1.048402063136044599e+05,1.144271593175400340e+05,-4.075089445845810133e+03,3.973689434152551257e+03,-4.975265667795851186e+03
8.001300859072673321e+08,1.041286196473259479e+05,3.902791392464318720e-01,1.369739912280620198e+00,1.021169108375613723e+05,1.105437254865753639e+05,-4.245047743330436788e+03,3.128528414906323633e+03,-5.414625026978491405e+03
8.001301924288541079e+08,1.032242512436918914e+05,2.922638999401407922e-01,1.451418724835929819e+00,9.418167998928736779e+04,1.089834969038314011e+05,-4.351977920088714200e+03,2.255956823108647313e+03,-5.749785005776394428e+03
8.001302968553379774e+08,1.024171701142331585e+05,1.941299003146739199e-01,1.526454153213703480e+00,8.222044295723807591e+04,1.087560798431113508e+05,-4.399888606686175990e+03,1.365350916691741759e+03,-5.984743340579867436e+03
8.001304001305965185e+08,1.016373235228834674e+05,9.585426507655646355e-02,1.597549015788686022e+00,6.767970898305375886e+04,1.088195108934498130e+05,-4.391579386215233171e+03,4.635876600578505418e+02,-6.122308380643261444e+03
8.001304637799069881e+08,1.011289377310872078e+05,3.497074021727765436e-02,1.640522698486807984e+00,5.766755566255028680e+04,1.088710193966419611e+05,-4.359024119037288983e+03,-9.677194226155305046e+01,-6.159168495690177224e+03
8.001305465825140476e+08,1.003868520334158093e+05,-4.431018335496717669e-02,1.696163720792900786e+00,4.353026872338952671e+04,1.088856665263854084e+05,-4.285744865885565559e+03,-8.248800416843427001e+02,-6.151963419452191374e+03
8.001306343284028769e+08,9.943328420958667994e+04,-1.280972783056801567e-01,1.755596075380151611e+00,2.694692825899564923e+04,1.087706262612369464e+05,-4.170584735311285840e+03,-1.588300116860626986e+03,-6.076297348233500998e+03
8.001307297011342049e+08,9.809698174413945526e+04,-2.184654004014849882e-01,1.821818696118197689e+00,6.117223669574316773e+03,1.083850431913808570e+05,-4.002749194090085439e+03,-2.399209308206759943e+03,-5.915381351466267915e+03
8.001308176970041990e+08,9.646852799648232758e+04,-3.007500770164632797e-01,1.885491348899575925e+00,-1.763387238657992930e+04,1.076364002708222688e+05,-3.809679129796087182e+03,-3.121146280139059400e+03,-5.695482026612682603e+03
8.001309052746554613e+08,9.432853594127949327e+04,-3.811178236994072210e-01,1.952421601371743032e+00,-4.950807529762478953e+04,1.062838787366794277e+05,-3.582265138882949941e+03,-3.806033605210011046e+03,-5.410094842056078051e+03
8.001309870192085505e+08,9.169785821713507175e+04,-4.542660186100336284e-01,2.019141663237657092e+00,-9.401908181390337995e+04,1.041561772681876027e+05,-3.338973101477623459e+03,-4.406990492796236140e+03,-5.084995826059711362e+03
8.001310623427649736e+08,8.853226004948001355e+04,-5.195788998024071237e-01,2.085169476774712649e+00,-1.612055524215364130e+05,1.010765572473128414e+05,-3.088128700321005454e+03,-4.919729236202388165e+03,-4.735298681847961234e+03
8.001310997748301029e+08,8.660795802345685661e+04,-5.511176252517995255e-01,2.119872622672827944e+00,-2.120835061460121360e+05,9.900806304825311236e+04,-2.953470153435594057e+03,-5.156440568936782256e+03,-4.543016370751949580e+03
8.001311428834351301e+08,8.401514545731712133e+04,-5.865420842124625667e-01,2.161559934970425090e+00,-2.960082672899806057e+05,9.607283794585484429e+04,-2.789242530411972439e+03,-5.410287585141982163e+03,-4.305069391073458064e+03
8.001311826449297667e+08,8.116835142007656395e+04,-6.182353256293372512e-01,2.201740281346022954e+00,-4.130032719023263780e+05,9.274248141686907911e+04,-2.627580820178891372e+03,-5.621419756756962670e+03,-4.067746164721546393e+03
8.001312210451579094e+08,7.787072544490173459e+04,-6.477997673011165469e-01,2.242160125946430771e+00,-5.884762836576771224e+05,8.883972018093467341e+04,-2.459403974467391890e+03,-5.795374916846238193e+03,-3.818167331607228334e+03
8.001312550734618902e+08,7.434199623753223568e+04,-6.729861632653411085e-01,2.279255287267905494e+00,-8.338307113771960139e+05,8.468038115137626301e+04,-2.296106237119334310e+03,-5.910812323288956577e+03,-3.573675797259718365e+03
8.001312726898934841e+08,7.222270870792493224e+04,-6.855874021960358666e-01,2.298876351154623077e+00,-1.014246559108080808e+06,8.220494600281096064e+04,-2.203806477927758351e+03,-5.948038750762527343e+03,-3.434700926488301320e+03
8.001312948197649717e+08,6.919934163107443601e+04,-7.009203068210719811e-01,2.323830496437636839e+00,-1.318555670791836688e+06,7.871170124889675935e+04,-2.076752832460757418e+03,-5.960600471821496285e+03,-3.242621671224951569e+03
8.001313152433296442e+08,6.596506056673824787e+04,-7.144927669186443842e-01,2.347015962483824048e+00,-1.706879761896554613e+06,7.502442255487882358e+04,-1.943500010153511766e+03,-5.920255441465163130e+03,-3.040351751728981526e+03
8.001313328384608030e+08,6.274955517715308815e+04,-7.256429803189279326e-01,2.366919700426472595e+00,-2.153574284667292144e+06,7.140279134612092457e+04,-1.810235120316075381e+03,-5.822059089060255246e+03,-2.837365304337892212e+03
8.001313479712156057e+08,5.959510716089606285e+04,-7.347363013509586871e-01,2.383780520810302672e+00,-2.640231264644218609e+06,6.787835218647475995e+04,-1.675714860931272142e+03,-5.665305350048756736e+03,-2.631870357076016262e+03
8.001313609134104252e+08,5.656144876633398235e+04,-7.420632393324901876e-01,2.397812572310948465e+00,-3.138153122637993190e+06,6.449743841557944688e+04,-1.540579641083816568e+03,-5.454087513531520017e+03,-2.424916837172993382e+03
8.001313728329010010e+08,5.345951707820221782e+04,-7.483601754603292910e-01,2.410214582457992361e+00,-3.658038644546359777e+06,6.102710294938461448e+04,-1.395003374778532816e+03,-5.173443827223877634e+03,-2.201460575719829649e+03
8.001313850731753111e+08,4.994704949625954032e+04,-7.542761610715089660e-01,2.422175165078822356e+00,-4.233035671207852662e+06,5.704883572973500850e+04,-1.220287262167561721e+03,-4.774613554219779871e+03,-1.932642770528305618e+03
