2013-070B     C2013 12 10.06588 21 22 30.99 -01 37 10.6          16.9 V D0498703 0.5
2013-070B     C2013 12 10.07269 21 22 32.12 -01 36 03.6          16.9 V D0498703 0.5
2013-070B     C2013 12 10.07950 21 22 33.38 -01 34 56.6          17.7 V D0498703 0.5
2013-070B     C2013 12 10.12520 21 22 46.07 -01 27 30.4          15.9 V D0498703 0.5
2013-070B     C2013 12 10.12582 21 22 46.33 -01 27 22.6          16.7 V D0498703 0.5
2013-070B     C2013 12 10.72259 21 32 10.96 -00 02 05.1          18.6 V D0498C95 0.5
2013-070B     C2013 12 10.72343 21 32 11.09 -00 01 58.1          17.7 V D0498C95 0.5
2013-070B     C2013 12 10.72425 21 32 11.26 -00 01 50.9          17.3 V D0498C95 0.5
2013-070B     C2013 12 10.72508 21 32 11.39 -00 01 43.4          17.2 V D0498C95 0.5
2013-070B    KC2013 12 10.73288 21 32 03.98 -00 00 31.0          15.8 R D0498160 0.5
2013-070B    KC2013 12 10.73334 21 32 04.06 -00 00 26.4          16.8 R D0498160 0.5
2013-070B    KC2013 12 10.73365 21 32 24.82 -00 00 20.3          17.3 V D0498958 0.5
2013-070B    KC2013 12 10.73381 21 32 04.19 -00 00 22.0          17.2 R D0498160 0.5
2013-070B    KC2013 12 10.73733 21 32 21.53 +00 02 14.2          17.2 R D0498J08 0.5
2013-070B    KC2013 12 10.74082 21 32 25.93 +00 00 44.0          17.0 V D0498958 0.5
2013-070B    KC2013 12 10.74447 21 32 26.54 +00 01 15.3          19.2 V D0498958 0.5
2013-070B    KC2013 12 10.74564 21 32 22.53 +00 03 28.9          16.6 R D0498J08 0.5
2013-070B    KC2013 12 10.74812 21 32 27.19 +00 01 48.4          16.8 V D0498958 0.5
2013-070B    KC2013 12 10.75175 21 32 23.45 +00 04 22.6          17.7 R D0498J08 0.5
2013-070B    KC2013 12 10.75394 21 32 23.73 +00 04 41.9          17.7 R D0498J08 0.5
2013-070B    KC2013 12 10.75553 21 32 28.55 +00 02 54.2          17.0 V D0498958 0.5
2013-070B    KC2013 12 11.08199 21 36 18.30 +00 56 00.2          17.4 R D0498448 0.5
2013-070B    KC2013 12 11.08780 21 36 19.25 +00 56 48.7          18.0 R D0498448 0.5
2013-070B    KC2013 12 11.09458 21 36 20.51 +00 57 45.5          17.7 R D0498448 0.5
2013-070B    KC2013 12 11.10428 21 36 22.63 +00 59 06.8          17.8 R D0498448 0.5
2013-070B    KC2013 12 11.10890 21 36 23.70 +00 59 44.9          17.7 R D0498448 0.5
2013-070B     C2013 12 11.73499 21 45 04.47 +02 19 47.5          15.9 Vq     C95 0.5
2013-070B     C2013 12 11.74282 21 45 05.54 +02 20 48.6          16.3 Vq     C95 0.5
2013-070B     C2013 12 11.74995 21 45 06.61 +02 21 44.1          15.7 Vq     C95 0.5
2013-070B     C2013 12 11.75781 21 45 07.91 +02 22 44.9          16.3 Vq     C95 0.5
2013-070B     C2013 12 11.76494 21 45 09.23 +02 23 40.1          15.8 Vq     C95 0.5
2013-070B     C2013 12 11.77278 21 45 10.80 +02 24 40.5          16.3 Vq     C95 0.5
2013-070B     C2013 12 11.77991 21 45 12.36 +02 25 35.1          15.7 Vq     C95 0.5
2013-070B     C2013 12 11.78772 21 45 14.24 +02 26 35.6          16.2 Vq     C95 0.5
2013-070B     C2013 12 16.73204 22 38 33.31 +11 46 47.0          16.5 VqD0498C95 0.5
2013-070B     C2013 12 16.73949 22 38 33.40 +11 47 29.2          16.6 VqD0498C95 0.5
2013-070B     C2013 12 16.74037 22 38 33.41 +11 47 33.9          17.2 VqD0498C95 0.5
2013-070B     C2013 12 16.74694 22 38 33.56 +11 48 10.4          16.5 VqD0498C95 0.5
2013-070B     C2013 12 16.75419 22 38 33.78 +11 48 50.3          16.6 VqD0498C95 0.5
2013-070B     C2013 12 16.76164 22 38 34.10 +11 49 29.9          16.3 VqD0498C95 0.5
2013-070B     C2013 12 26.20362 01 08 39.10 +31 01 32.9          14.7 V D0501703 0.5
2013-070B     C2013 12 26.21772 01 08 56.44 +31 02 33.8          14.6 V D0501703 0.5
2013-070B     C2013 12 26.23216 01 09 15.58 +31 03 27.5          14.6 V D0501703 0.5
2013-070B     C2013 12 26.23255 01 09 16.10 +31 03 28.8          14.5 V D0501703 0.5
2013-070B     C2013 12 26.23294 01 09 16.64 +31 03 30.2          14.9 V D0501703 0.5
2013-070B     C2013 12 26.23333 01 09 17.18 +31 03 31.6          14.9 V D0501703 0.5
2013-070B     C2013 12 26.25825 01 10 17.19 +30 58 12.7          15.3   D0501718 0.5
2013-070B     C2013 12 26.27091 01 10 14.84 +31 05 13.3          15.0 V D0501703 0.5
2013-070B     C2013 12 26.27110 01 10 38.70 +30 58 54.1          15.1   D0501718 0.5
2013-070B     C2013 12 26.27129 01 10 15.50 +31 05 14.2          15.1 V D0501703 0.5
2013-070B     C2013 12 26.27168 01 10 16.16 +31 05 15.0          15.3 V D0501703 0.5
2013-070B     C2013 12 26.27207 01 10 16.82 +31 05 15.8          15.3 V D0501703 0.5
2013-070B     C2013 12 26.28949 01 11 11.73 +30 59 45.5          15.0   D0501718 0.5
2013-070B     C2013 12 26.29797 01 11 03.73 +31 06 10.3          15.3 R D0501854 0.5
2013-070B     C2013 12 26.29994 01 11 07.66 +31 06 04.6          15.0 V D0501703 0.5
2013-070B     C2013 12 26.30005 01 11 07.72 +31 06 13.4          15.1 R D0501854 0.5
2013-070B     C2013 12 26.30033 01 11 08.40 +31 06 05.0          15.1 V D0501703 0.5
2013-070B     C2013 12 26.30072 01 11 09.17 +31 06 05.6          15.2 V D0501703 0.5
2013-070B     C2013 12 26.30111 01 11 09.93 +31 06 06.4          15.3 V D0501703 0.5
2013-070B     C2013 12 26.30213 01 11 11.84 +31 06 16.5          15.3 R D0501854 0.5
2013-070B     C2013 12 26.30414 01 11 40.14 +31 00 21.4          15.1   D0501718 0.5
2013-070B    KC2013 12 26.73020 01 35 18.97 +32 28 54.3          15.5 V D0501958 0.5
2013-070B    KC2013 12 26.73187 01 35 21.82 +32 29 19.5          15.4 V D0501958 0.5
2013-070B    KC2013 12 26.73353 01 35 24.67 +32 29 44.5          15.3 V D0501958 0.5
2013-070B    KC2013 12 26.74152 01 35 38.23 +32 31 42.4          15.0 V D0501958 0.5
2013-070B     C2013 12 28.24638 03 30 59.54 +36 22 11.5          13.0 V D0502703 0.5
2013-070B     C2013 12 28.25580 03 31 51.85 +36 20 54.1          12.8 V D0502703 0.5
2013-070B     C2013 12 28.26234 03 32 28.64 +36 19 53.5          13.5 V D0502703 0.5
2013-070B     C2013 12 28.26889 03 33 06.11 +36 18 46.8          13.2 V D0502703 0.5
2013-070B     C2013 12 28.95013905 42 46.89 +31 01 05.4          12.0 VqD0502C95 0.5
2013-070B     C2013 12 28.95050705 42 51.39 +31 00 40.3          12.9 VqD0502C95 0.5
2013-070B     C2013 12 28.95087605 42 56.01 +31 00 13.5          12.1 VqD0502C95 0.5
2013-070B     C2013 12 28.95124405 43 00.56 +30 59 47.7          12.2 VqD0502C95 0.5
2013-070B     C2013 12 28.95161205 43 05.13 +30 59 21.6          12.3 VqD0502C95 0.5
2013-070B     C2013 12 28.95198005 43 09.67 +30 58 55.7          12.3 VqD0502C95 0.5
2013-070B     C2013 12 28.95234805 43 14.24 +30 58 29.5          12.8 VqD0502C95 0.5
2013-070B     C2013 12 28.95271805 43 18.81 +30 58 03.4          12.5 VqD0502C95 0.5
2013-070B     C2013 12 28.95473005 43 43.80 +30 55 40.2          12.5 VqD0502C95 0.5
2013-070B     C2013 12 28.95509805 43 48.36 +30 55 13.7          12.6 VqD0502C95 0.5
2013-070B     C2013 12 28.95546705 43 52.90 +30 54 46.8          12.7 VqD0502C95 0.5
2013-070B     C2013 12 28.95583505 43 57.50 +30 54 20.7          12.9 VqD0502C95 0.5
2013-070B     C2013 12 28.95620405 44 02.10 +30 53 54.3          13.2 VqD0502C95 0.5
2013-070B     C2013 12 28.95657205 44 06.66 +30 53 27.6          13.5 VqD0502C95 0.5
2013-070B     C2013 12 28.95694005 44 11.25 +30 53 00.8          13.7 VqD0502C95 0.5
2013-070B     C2013 12 28.95730805 44 15.80 +30 52 34.3          13.8 VqD0502C95 0.5
2013-070B     C2013 12 28.95767605 44 20.39 +30 52 07.6          14.2 VqD0502C95 0.5
2013-070B    KC2014 01 14.75060 23 23 45.46 +19 23 40.2          17.3 VqD0503C95 0.5
2013-070B    KC2014 01 14.77009 23 24 03.19 +19 27 16.1          16.3 VqD0503C95 0.5
2013-070B    KC2014 01 14.78879 23 24 22.31 +19 30 35.3          16.8 VqD0503C95 0.5
2013-070B     C2014 02 26.82754603 04 07.69 +20 17 07.8          14.4 VqD0505C95 0.5
2013-070B     C2014 02 26.82770803 04 10.62 +20 17 00.7          14.3 VqD0505C95 0.5
2013-070B     C2014 02 26.82847203 04 24.46 +20 16 27.9          13.7 VqD0505C95 0.5
2013-070B     C2014 02 26.82877303 04 29.99 +20 16 15.3          13.8 VqD0505C95 0.5
2013-070B     C2014 02 26.82893503 04 32.80 +20 16 08.7          13.6 VqD0505C95 0.5
2013-070B     C2014 02 26.82923603 04 38.30 +20 15 55.5          13.9 VqD0505C95 0.5
2013-070B     C2014 02 26.82938703 04 41.10 +20 15 48.6          13.3 VqD0505C95 0.5
2013-070B     C2014 02 26.82954903 04 43.89 +20 15 42.2          13.0 VqD0505C95 0.5
2013-070B     C2014 02 26.82969903 04 46.68 +20 15 35.7          12.8 VqD0505C95 0.5
2013-070B     C2014 02 26.82985003 04 49.44 +20 15 28.7          12.5 VqD0505C95 0.5
2013-070B     C2014 02 26.83000003 04 52.20 +20 15 22.5          12.5 VqD0505C95 0.5
2013-070B     C2014 02 26.83015003 04 55.00 +20 15 15.9          12.9 VqD0505C95 0.5
2013-070B     C2014 02 26.83031203 04 57.75 +20 15 09.1          13.2 VqD0505C95 0.5
2013-070B     C2014 02 26.83046503 05 00.51 +20 15 02.9          13.3 VqD0505C95 0.5
2013-070B     C2014 02 26.83147603 05 19.04 +20 14 18.8          13.2 VqD0505C95 0.5
2013-070B     C2014 02 26.83184603 05 25.83 +20 14 02.6          12.8 VqD0505C95 0.5
2013-070B     C2014 02 26.83221603 05 32.54 +20 13 45.6          12.4 VqD0505C95 0.5
2013-070B     C2014 02 26.83258703 05 39.34 +20 13 31.1          12.7 VqD0505C95 0.5
2013-070B     C2014 02 26.83294603 05 46.11 +20 13 14.3          13.5 VqD0505C95 0.5
2013-070B     C2014 02 26.83331603 05 52.85 +20 12 57.2          13.5 VqD0505C95 0.5
2013-070B     C2014 02 26.83368603 05 59.62 +20 12 40.9          13.6 VqD0505C95 0.5
2013-070B     C2014 02 26.84252903 08 45.05 +20 05 56.4          12.0 VqD0505C95 0.5
2013-070B     C2014 02 26.84289903 08 52.08 +20 05 39.0          13.2 VqD0505C95 0.5
2013-070B     C2014 02 26.84327003 08 59.12 +20 05 22.4          13.0 VqD0505C95 0.5
2013-070B     C2014 02 26.84364003 09 06.14 +20 05 05.0          13.2 VqD0505C95 0.5
2013-070B     C2014 02 26.84401003 09 13.16 +20 04 47.2          13.0 VqD0505C95 0.5
2013-070B     C2014 02 26.84438103 09 20.27 +20 04 29.2          12.3 VqD0505C95 0.5
2013-070B     C2014 02 26.84475103 09 27.30 +20 04 11.7          12.0 VqD0505C95 0.5
2013-070B     C2014 02 26.84511003 09 34.37 +20 03 53.5          12.6 VqD0505C95 0.5
2013-070B     C2014 02 26.84548003 09 41.43 +20 03 36.8          13.3 VqD0505C95 0.5
2013-070B     C2014 02 26.84620903 09 55.51 +20 03 01.2          13.5 VqD0505C95 0.5
2013-070B     C2014 02 26.84658003 10 02.62 +20 02 42.2          13.9 VqD0505C95 0.5
2013-070B     C2014 02 26.85285303 12 04.54 +19 57 31.0          14.5 VqD0505C95 0.5
2013-070B     C2014 02 26.85322303 12 11.87 +19 57 12.6          14.3 VqD0505C95 0.5
2013-070B     C2014 06 22.08688700 09 12.19 +04 22 37.5          15.6 VqD0510C95 0.5
2013-070B     C2014 06 22.08738400 09 13.23 +04 22 37.7          16.1 VqD0510C95 0.5
2013-070B     C2014 06 22.08763900 09 13.84 +04 22 37.8          16.5 VqD0510C95 0.5
2013-070B     C2014 06 22.08788200 09 14.25 +04 22 38.5          16.3 VqD0510C95 0.5
2013-070B     C2014 06 22.08812500 09 14.75 +04 22 38.8          16.3 VqD0510C95 0.5
2013-070B     C2014 06 22.08838000 09 15.28 +04 22 38.4          16.6 VqD0510C95 0.5
2013-070B     C2014 06 22.08862300 09 15.77 +04 22 38.7          16.5 VqD0510C95 0.5
2013-070B     C2014 06 22.08887700 09 16.33 +04 22 38.8          16.4 VqD0510C95 0.5
2013-070B     C2014 06 22.08912000 09 16.86 +04 22 39.8          16.3 VqD0510C95 0.5
2013-070B     C2014 06 22.09061300 09 19.89 +04 22 39.5          16.3 VqD0510C95 0.5
2013-070B     C2014 06 22.09085600 09 20.42 +04 22 40.1          15.8 VqD0510C95 0.5
2013-070B     C2014 06 22.09111100 09 20.91 +04 22 40.7          15.7 VqD0510C95 0.5
2013-070B     C2014 06 22.09135400 09 21.42 +04 22 40.8          15.1 VqD0510C95 0.5
2013-070B     C2014 06 22.09160900 09 21.93 +04 22 40.8          15.5 VqD0510C95 0.5
2013-070B     C2014 06 22.09185200 09 22.45 +04 22 41.0          15.9 VqD0510C95 0.5
2013-070B     C2014 06 22.09210600 09 22.95 +04 22 41.2          15.9 VqD0510C95 0.5
2013-070B     C2014 06 22.09235000 09 23.47 +04 22 41.8          16.0 VqD0510C95 0.5
2013-070B     C2014 06 22.09259300 09 23.92 +04 22 41.2          16.4 VqD0510C95 0.5
2013-070B     C2014 06 22.09434000 09 27.51 +04 22 42.6          16.0 VqD0510C95 0.5
2013-070B     C2014 06 22.09458300 09 28.01 +04 22 43.0          15.2 VqD0510C95 0.5
2013-070B     C2014 06 22.09483800 09 28.52 +04 22 43.1          16.4 VqD0510C95 0.5
2013-070B     C2014 06 22.09681700 09 32.57 +04 22 44.2          16.0 VqD0510C95 0.5
2013-070B     C2014 06 22.09707200 09 33.09 +04 22 44.5          15.8 VqD0510C95 0.5
2013-070B     C2014 06 22.09731500 09 33.58 +04 22 44.8          15.5 VqD0510C95 0.5
2013-070B     C2014 06 22.09756900 09 34.08 +04 22 44.9          15.2 VqD0510C95 0.5
2013-070B     C2014 06 22.09781300 09 34.56 +04 22 45.1          15.1 VqD0510C95 0.5
2013-070B     C2014 06 22.09806700 09 35.09 +04 22 45.2          15.6 VqD0510C95 0.5
2013-070B     C2014 06 22.09831000 09 35.60 +04 22 45.2          15.9 VqD0510C95 0.5
2013-070B     C2014 06 22.09856500 09 36.17 +04 22 45.6          16.5 VqD0510C95 0.5
2013-070B     C2014 06 22.10129600 09 41.63 +04 22 47.2          16.3 VqD0510C95 0.5
2013-070B     C2014 06 22.10153900 09 42.09 +04 22 47.4          16.2 VqD0510C95 0.5
2013-070B     C2014 06 28.36520 18 33 44.49 -00 34 34.0          15.3 V D0510G96 0.5
2013-070B     C2014 06 28.37183 18 33 50.64 -00 34 13.7          15.3 V D0510G96 0.5
2013-070B     C2014 06 28.37841 18 33 56.76 -00 33 54.1          14.3 V D0510G96 0.5
2013-070B     C2014 08 06.42972 22 45 45.838+08 06 47.30         15.4 i D0511F51 0.2
2013-070B     C2014 08 06.46851 22 45 33.336+08 02 59.91         14.9 i D0511F51 0.2
2013-070B     C2014 08 19.46990 23 01 45.053+06 13 06.56         14.8 i D0511F51 0.2
2013-070B     C2014 08 19.48111 23 01 39.824+06 11 45.12         14.8 i D0511F51 0.2
2013-070B     C2014 08 19.49232 23 01 34.541+06 10 21.72         15.1 i D0511F51 0.2
2013-070B     C2014 08 31.33408 23 02 59.22 +06 02 16.0          16.5 V D0511703 0.5
2013-070B     C2014 08 31.33970 23 02 57.17 +06 01 31.6          15.4 V D0511703 0.5
2013-070B     C2014 08 31.34534 23 02 55.11 +06 00 46.6          16.2 V D0511703 0.5
2013-070B     C2014 08 31.35095 23 02 53.11 +06 00 01.5          15.2 V D0511703 0.5
2013-070B     C2014 09 02.45102 23 28 29.39 +01 11 06.8          15.4 V D0511H06 0.5
2013-070B     C2014 09 02.45269 23 28 29.47 +01 10 51.4          15.9 V D0511H06 0.5
2013-070B     C2014 09 02.45437 23 28 29.50 +01 10 35.7          15.9 V D0511H06 0.5
2013-070B     C2014 09 02.45605 23 28 29.65 +01 10 20.4          15.5 V D0511H06 0.5
2013-070B     C2014 09 12.19622 23 05 04.67 +05 20 11.8          15.3 V D0511703 0.5
2013-070B     C2014 09 12.20274 23 05 04.20 +05 19 20.5          15.4 V D0511703 0.5
2013-070B     C2014 09 12.20925 23 05 03.58 +05 18 29.1          15.4 V D0511703 0.5
2013-070B     C2014 09 12.21575 23 05 02.78 +05 17 37.1          15.3 V D0511703 0.5
2013-070B     C2014 09 14.29376 23 33 16.09 +00 08 32.8          14.9 V D0511703 0.5
2013-070B     C2014 09 14.30030 23 33 14.49 +00 07 30.5          15.0 V D0511703 0.5
2013-070B     C2014 09 14.31334 23 33 11.27 +00 05 26.0          14.9 V D0511703 0.5
2013-070B     C2014 09 14.32368 23 33 08.92 +00 03 45.7          14.9 V D0511G96 0.5
2013-070B     C2014 09 14.33353 23 33 06.56 +00 02 11.2          14.8 V D0511G96 0.5
2013-070B     C2014 09 14.34063 23 33 04.91 +00 01 02.9          14.8 V D0511G96 0.5
2013-070B     C2014 09 24.25773 22 56 59.19 +06 36 23.5          16.4 V D0512703 0.5
2013-070B     C2014 09 24.26426 22 56 57.54 +06 35 22.7          14.7 V D0512703 0.5
2013-070B     C2014 09 24.27079 22 56 55.91 +06 34 21.9          15.2 V D0512703 0.5
2013-070B     C2014 09 24.27736 22 56 54.30 +06 33 19.8          16.3 V D0512703 0.5
2013-070B     C2014 10 04.12382 21 50 44.02 +16 25 34.4          16.6 V D0512703 0.5
2013-070B     C2014 10 04.12935 21 50 47.19 +16 24 01.2          14.7 V D0512703 0.5
2013-070B     C2014 10 04.13487 21 50 50.25 +16 22 27.5          14.8 V D0512703 0.5
2013-070B     C2014 10 04.14040 21 50 53.18 +16 20 52.6          14.6 V D0512703 0.5
2013-070B     C2014 10 04.21216 21 51 26.51 +15 58 39.3          14.9 V D0512703 0.5
2013-070B     C2014 10 04.22900 21 51 34.66 +15 53 00.3          14.5 V D0512703 0.5
2013-070B     C2014 10 04.23743 21 51 39.02 +15 50 07.7          15.2 V D0512703 0.5
2013-070B     C2014 10 24.13414 23 59 43.00 -07 42 16.2          14.7 V D0512703 0.5
2013-070B     C2014 10 24.14327 23 59 45.15 -07 44 31.2          14.7 V D0512703 0.5
2013-070B     C2014 10 24.15240 23 59 47.01 -07 46 45.5          14.9 V D0512703 0.5
2013-070B     C2014 10 24.16152 23 59 48.61 -07 48 59.0          15.1 V D0512703 0.5
2013-070B     C2014 12 01.13517 21 19 33.16 +14 14 54.7          17.4 V D0513703 0.5
2013-070B     C2014 12 01.13973 21 19 39.32 +14 13 06.8          17.0 V D0513703 0.5
2013-070B     C2014 12 01.14430 21 19 45.57 +14 11 19.2          18.5 V D0513703 0.5
2013-070B     C2014 12 01.14885 21 19 51.90 +14 09 32.1          17.4 V D0513703 0.5
2013-070B     C2014 12 07.20514 00 08 23.555-13 05 24.80         16.7 i D0513F51 0.2
2013-070B     C2014 12 07.22030 00 08 30.432-13 09 52.67         15.2 i D0513F51 0.2
2013-070B     C2014 12 07.23333 00 08 36.230-13 13 37.87         15.0 i D0513F51 0.2
2013-070B     C2014 12 07.24635 00 08 42.077-13 17 18.63         16.4 i D0513F51 0.2
2013-070B     C2014 12 09.96227 02 16 10.35 -28 10 35.0          16.5 R D0513Y00 0.5
2013-070B     C2014 12 09.96281 02 16 11.77 -28 10 50.1          16.3 R D0513Y00 0.5
2013-070B     C2014 12 09.96334 02 16 13.22 -28 11 05.0          16.1 R D0513Y00 0.5
2013-070B     C2015 01 04.71354 22 42 14.72 -00 09 00.8          16.0 Vq     C95 0.5
2013-070B     C2015 01 04.71718 22 42 16.69 -00 09 55.0          15.4 Vq     C95 0.5
2013-070B     C2015 01 04.72154 22 42 19.21 -00 11 00.1          15.7 Vq     C95 0.5
2013-070B     C2015 01 04.72517 22 42 21.32 -00 11 54.6          15.2 Vq     C95 0.5
2013-070B     C2015 01 04.72954 22 42 23.88 -00 13 00.1          15.4 Vq     C95 0.5
2013-070B     C2015 01 04.73317 22 42 26.09 -00 13 54.3          15.5 Vq     C95 0.5
2013-070B     C2015 01 04.73753 22 42 28.75 -00 14 59.4          15.4 Vq     C95 0.5
2013-070B     C2015 01 04.74153 22 42 31.24 -00 15 58.5          16.0 Vq     C95 0.5
2013-070B     C2015 01 04.74552 22 42 33.81 -00 16 58.1          15.9 Vq     C95 0.5
2013-070B     C2015 01 04.74588 22 42 34.06 -00 17 02.9          16.3 Vq     C95 0.5
2013-070B     C2015 01 04.74916 22 42 36.21 -00 17 52.4          16.3 Vq     C95 0.5
2013-070B     C2015 01 04.74953 22 42 36.46 -00 17 57.6          15.4 Vq     C95 0.5
2013-070B     C2015 01 04.75752 22 42 41.88 -00 19 56.3          15.0 Vq     C95 0.5
2013-070B     C2015 01 04.76189 22 42 44.93 -00 21 01.4          15.1 Vq     C95 0.5
2013-070B     C2015 01 04.76551 22 42 47.55 -00 21 55.8          15.3 Vq     C95 0.5
2013-070B     C2015 01 04.76987 22 42 50.71 -00 22 59.7          15.4 Vq     C95 0.5
2013-070B     C2015 01 04.77387 22 42 53.69 -00 23 59.2          16.1 Vq     C95 0.5
2013-070B     C2015 01 13.03884 11 47 31.95 +07 33 06.0          13.9 V D0514C47 0.5
2013-070B     C2015 01 13.03914 11 47 38.30 +07 34 24.1          13.8 V D0514C47 0.5
2013-070B     C2015 01 13.03947 11 47 45.34 +07 35 50.0          13.5 V D0514C47 0.5
2013-070B     C2015 01 13.03979 11 47 52.37 +07 37 15.6          13.2 V D0514C47 0.5
2013-070B     C2015 01 13.04012 11 47 59.41 +07 38 41.5          13.3 V D0514C47 0.5
2013-070B     C2015 01 13.04045 11 48 06.37 +07 40 09.0          14.0 V D0514C47 0.5
2013-070B     C2015 01 13.04078 11 48 13.44 +07 41 31.6          14.2 V D0514C47 0.5
2013-070B     C2015 06 26.72600 22 41 33.99 -07 24 49.3          17.2 RqD0518Q65 0.5
2013-070B     C2015 06 26.72727 22 41 34.61 -07 25 04.2          16.7 RqD0518Q65 0.5
2013-070B     C2015 06 26.72855 22 41 35.02 -07 25 16.2          15.9 RqD0518Q65 0.5
2013-070B     C2015 06 26.72985 22 41 35.47 -07 25 28.4          17.9 RqD0518Q65 0.5
2013-070B     C2015 06 26.74046 22 41 39.36 -07 27 14.7          17.8 RqD0518Q65 0.5
2013-070B     C2015 06 26.74178 22 41 39.92 -07 27 29.1          16.7 RqD0518Q65 0.5
2013-070B     C2015 06 26.74308 22 41 40.28 -07 27 40.4          15.8 RqD0518Q65 0.5
2013-070B     C2015 06 26.74436 22 41 40.83 -07 27 54.2          17.7 RqD0518Q65 0.5
2013-070B     C2015 07 05.76874 02 15 52.62 -22 11 02.6          15.6 RqD0518Q65 0.5
2013-070B     C2015 07 05.76966 02 15 53.94 -22 11 11.3          16.5 RqD0518Q65 0.5
2013-070B     C2015 07 05.77250 02 15 58.21 -22 11 38.5          17.8 RqD0518Q65 0.5
2013-070B     C2015 07 05.77344 02 15 59.72 -22 11 47.7          15.8 RqD0518Q65 0.5
2013-070B     C2015 07 05.77438 02 16 01.03 -22 11 56.2          16.5 RqD0518Q65 0.5
2013-070B     C2015 07 05.77534 02 16 02.47 -22 12 04.8          17.4 RqD0518Q65 0.5
2013-070B     C2015 07 05.77626 02 16 03.85 -22 12 13.8          18.0 RqD0518Q65 0.5
2013-070B     C2015 07 05.77722 02 16 05.31 -22 12 24.5          18.2 RqD0518Q65 0.5
2013-070B     C2015 07 05.77816 02 16 06.74 -22 12 32.6          16.6 RqD0518Q65 0.5
2013-070B     C2015 07 05.77909 02 16 07.99 -22 12 40.9          16.4 RqD0518Q65 0.5
2013-070B     C2015 07 05.78003 02 16 09.40 -22 12 49.6          17.7 RqD0518Q65 0.5
2013-070B     C2015 07 05.78280 02 16 13.46 -22 13 16.0          16.8 RqD0518Q65 0.5
2013-070B     C2015 07 05.78375 02 16 14.71 -22 13 24.2          15.5 RqD0518Q65 0.5
2013-070B     C2015 07 05.78468 02 16 16.15 -22 13 33.4          16.8 RqD0518Q65 0.5
2013-070B     C2015 07 05.78564 02 16 17.48 -22 13 41.6          17.2 RqD0518Q65 0.5
2013-070B     C2015 07 05.78747 02 16 20.13 -22 13 58.6          16.7 RqD0518Q65 0.5
2013-070B     C2015 07 05.78841 02 16 21.41 -22 14 07.2          15.2 RqD0518Q65 0.5
2013-070B     C2015 07 18.70022 00 10 50.59 -16 34 30.1          18.3 RqD0518Q65 0.5
2013-070B     C2015 07 18.70115 00 10 50.81 -16 34 37.7          17.3 RqD0518Q65 0.5
2013-070B     C2015 07 18.70208 00 10 50.98 -16 34 44.8          15.6 RqD0518Q65 0.5
2013-070B     C2015 07 18.70301 00 10 51.14 -16 34 51.3          16.8 RqD0518Q65 0.5
2013-070B     C2015 07 18.70395 00 10 51.32 -16 34 58.1          17.9 RqD0518Q65 0.5
2013-070B     C2015 07 18.70487 00 10 51.46 -16 35 04.6          18.5 RqD0518Q65 0.5
2013-070B     C2015 07 18.70581 00 10 51.65 -16 35 12.0          17.1 RqD0518Q65 0.5
2013-070B     C2015 07 18.70677 00 10 51.82 -16 35 18.9          16.1 RqD0518Q65 0.5
2013-070B     C2015 08 20.39216 23 54 49.70 -17 34 24.5          17.4 VqD0519703 0.5
2013-070B     C2015 08 20.39817 23 54 49.33 -17 34 52.6          16.6 VqD0519703 0.5
2013-070B     C2015 08 20.40417 23 54 49.00 -17 35 19.6          15.5 VqD0519703 0.5
2013-070B     C2015 08 20.41018 23 54 48.62 -17 35 45.5          16.5 VqD0519703 0.5
2013-070B     C2015 08 20.67714 23 59 10.18 -17 12 03.4          17.8 R D0519Q60 0.5
2013-070B     C2015 08 20.68682 23 59 09.57 -17 12 46.2          17.7 R D0519Q60 0.5
2013-070B     C2015 08 20.69645 23 59 08.98 -17 13 26.1          17.7 R D0519Q60 0.5
2013-070B     C2015 09 06.14802 23 58 47.93 -17 06 42.9          16.5 R D0520Z22 0.5
2013-070B     C2015 09 06.15530 23 58 47.79 -17 06 59.1          16.8 R D0520Z22 0.5
2013-070B     C2015 09 06.16216 23 58 47.82 -17 07 13.0          16.7 R D0520Z22 0.5
2013-070B     C2015 09 07.57473 00 21 32.66 -17 53 48.7          16.2 RqD0520Q65 0.5
2013-070B     C2015 09 07.57925 00 21 32.74 -17 54 11.9          16.4 RqD0520Q65 0.5
2013-070B     C2015 09 07.58161 00 21 32.75 -17 54 23.9          16.8 RqD0520Q65 0.5
2013-070B     C2015 09 07.58622 00 21 32.77 -17 54 46.6          16.5 RqD0520Q65 0.5
2013-070B     C2015 09 07.59049 00 21 32.70 -17 55 07.1          16.6 RqD0520Q65 0.5
2013-070B     C2015 09 11.60019 01 37 35.37 -21 46 25.9          15.9 RqD0520Q65 0.5
2013-070B     C2015 09 11.60111 01 37 35.82 -21 46 32.2          16.4 RqD0520Q65 0.5
2013-070B     C2015 09 11.60204 01 37 36.27 -21 46 38.5          16.5 RqD0520Q65 0.5
2013-070B     C2015 09 11.60296 01 37 36.71 -21 46 44.4          15.9 RqD0520Q65 0.5
2013-070B     C2015 09 11.60389 01 37 37.12 -21 46 50.5          15.1 RqD0520Q65 0.5
2013-070B     C2015 09 11.60483 01 37 37.56 -21 46 56.5          15.9 RqD0520Q65 0.5
2013-070B     C2015 09 11.60575 01 37 37.99 -21 47 02.6          16.6 RqD0520Q65 0.5
2013-070B     C2015 09 11.60670 01 37 38.44 -21 47 09.0          16.6 RqD0520Q65 0.5
2013-070B     C2015 09 11.60763 01 37 38.89 -21 47 14.9          16.4 RqD0520Q65 0.5
2013-070B     C2015 09 11.60859 01 37 39.30 -21 47 21.0          15.2 RqD0520Q65 0.5
2013-070B     C2015 09 11.60951 01 37 39.71 -21 47 26.8          15.8 RqD0520Q65 0.5
2013-070B     C2015 09 11.61046 01 37 40.13 -21 47 32.8          16.2 RqD0520Q65 0.5
2013-070B     C2015 09 11.61140 01 37 40.55 -21 47 38.9          16.4 RqD0520Q65 0.5
2013-070B     C2015 09 11.61233 01 37 40.98 -21 47 44.7          16.0 RqD0520Q65 0.5
2013-070B     C2015 09 11.61326 01 37 41.38 -21 47 50.5          15.0 RqD0520Q65 0.5
2013-070B     C2015 09 14.10697 03 40 06.08 -25 11 20.1          14.8 R D0520461 0.5
2013-070B     C2015 09 14.10828 03 40 11.91 -25 11 18.9          15.6 R D0520461 0.5
2013-070B     C2015 09 14.10905 03 40 15.45 -25 11 18.1          15.0 R D0520461 0.5
2013-070B     C2015 09 14.11265 03 40 31.66 -25 11 15.3          15.3 R D0520461 0.5
2013-070B     C2015 09 14.11369 03 40 36.36 -25 11 13.6          15.2 R D0520461 0.5
2013-070B     C2015 09 14.11448 03 40 39.91 -25 11 12.6          14.7 R D0520461 0.5
2013-070B     C2015 09 18.19917 22 22 23.08 -08 36 31.2          14.9 VqD0520G96 0.5
2013-070B     C2015 09 18.20478 22 22 25.84 -08 37 34.5          15.5 VqD0520G96 0.5
2013-070B     C2015 09 18.21040 22 22 28.54 -08 38 37.8          16.3 VqD0520G96 0.5
2013-070B     C2015 09 18.21601 22 22 31.17 -08 39 40.4          16.6 VqD0520G96 0.5
2013-070B     C2015 10 09.33389 23 22 36.695-16 45 45.31         17.3 w D0522F51 0.5
2013-070B     C2015 10 09.34418 23 22 35.238-16 46 22.39         17.5 w D0522F51 0.5
2013-070B     C2015 10 09.35449 23 22 33.736-16 46 56.37         16.2 w D0522F51 0.5
2013-070B     C2015 10 17.53550 01 22 11.44 -19 19 51.2          15.7 RqD0523Q65 0.5
2013-070B     C2015 10 17.54113 01 22 12.00 -19 19 55.7          16.3 RqD0523Q65 0.5
2013-070B     C2015 10 19.56437 02 11 15.60 -18 41 05.0          16.0 R D0523Q60 0.5
2013-070B     C2015 10 19.57360 02 11 20.86 -18 40 51.6          15.9 R D0523Q60 0.5
2013-070B     C2015 10 19.58284 02 11 25.95 -18 40 35.8          16.3 R D0523Q60 0.5
2013-070B     C2015 10 24.73632 21 34 49.80 -13 24 38.6          15.5 RoD0541461 0.2
2013-070B     C2015 10 24.73661 21 34 50.31 -13 24 41.7          15.3 RoD0541461 0.2
2013-070B     C2015 10 24.73690 21 34 50.84 -13 24 46.1          14.7 RoD0541461 0.2
2013-070B     C2015 10 24.73720 21 34 51.37 -13 24 48.9          14.4 RoD0541461 0.2
2013-070B     C2015 10 24.73749 21 34 51.83 -13 24 52.0          14.2 RoD0541461 0.2
2013-070B     C2015 10 24.73778 21 34 52.35 -13 24 55.7          15.0 RoD0541461 0.2
2013-070B     C2015 10 24.73807 21 34 52.83 -13 24 59.0          15.3 RoD0541461 0.2
2013-070B     C2015 10 24.74776 21 35 09.49 -13 26 48.2          16.2 RoD0541461 0.2
2013-070B     C2015 10 24.74949 21 35 12.49 -13 27 07.5          15.7 RoD0541461 0.2
2013-070B     C2015 10 24.74978 21 35 12.97 -13 27 10.5          15.4 RoD0541461 0.2
2013-070B     C2015 10 24.75007 21 35 13.48 -13 27 13.8          15.0 RoD0541461 0.2
2013-070B     C2015 10 24.75035 21 35 13.95 -13 27 17.0          14.8 RoD0541461 0.2
2013-070B     C2015 10 24.75064 21 35 14.45 -13 27 20.2          14.2 RoD0541461 0.2
2013-070B     C2015 10 24.75093 21 35 14.96 -13 27 23.5          14.4 RoD0541461 0.2
2013-070B     C2015 10 24.75122 21 35 15.44 -13 27 26.7          15.0 RoD0541461 0.2
2013-070B     C2015 10 24.75151 21 35 15.93 -13 27 29.4          15.2 RoD0541461 0.2
2013-070B     C2015 10 24.75180 21 35 16.44 -13 27 32.9          16.0 RoD0541461 0.2
2013-070B     C2015 10 24.75209 21 35 16.91 -13 27 35.7          15.8 RoD0541461 0.2
2013-070B     C2015 10 24.75294 21 35 18.41 -13 27 45.4          16.2 RoD0541461 0.2
2013-070B     C2015 10 24.75410 21 35 20.37 -13 27 58.0          15.9 RoD0541461 0.2
2013-070B     C2015 10 24.75439 21 35 20.85 -13 28 01.1          15.3 RoD0541461 0.2
2013-070B     C2015 10 24.75467 21 35 21.33 -13 28 04.2          14.7 RoD0541461 0.2
2013-070B     C2015 10 24.75496 21 35 21.83 -13 28 07.4          14.5 RoD0541461 0.2
2013-070B     C2015 10 24.75525 21 35 22.31 -13 28 10.3          14.4 RoD0541461 0.2
2013-070B     C2015 10 24.75553 21 35 22.83 -13 28 13.5          14.7 RoD0541461 0.2
2013-070B     C2015 10 24.75582 21 35 23.32 -13 28 17.4          15.4 RoD0541461 0.2
2013-070B     C2015 10 24.75611 21 35 23.79 -13 28 19.8          15.7 RoD0541461 0.2
2013-070B     C2015 10 24.75640 21 35 24.29 -13 28 23.1          15.6 RoD0541461 0.2
2013-070B     C2015 10 24.75669 21 35 24.82 -13 28 26.5          15.9 RoD0541461 0.2
2013-070B     C2015 10 24.75698 21 35 25.28 -13 28 29.5          16.1 RoD0541461 0.2
2013-070B     C2015 10 24.75727 21 35 25.79 -13 28 31.8          15.9 RoD0541461 0.2
2013-070B     C2015 10 24.75845 21 35 27.78 -13 28 45.0          15.8 RoD0541461 0.2
2013-070B     C2015 10 24.75874 21 35 28.30 -13 28 48.3          14.7 RoD0541461 0.2
2013-070B     C2015 10 24.75903 21 35 28.81 -13 28 51.4          15.0 RoD0541461 0.2
2013-070B     C2015 10 24.75932 21 35 29.25 -13 28 54.5          14.4 RoD0541461 0.2
2013-070B     C2015 10 24.75961 21 35 29.76 -13 28 57.5          13.9 RoD0541461 0.2
2013-070B     C2015 10 24.75991 21 35 30.24 -13 29 00.4          14.7 RoD0541461 0.2
2013-070B     C2015 10 24.76019 21 35 30.75 -13 29 03.5          15.1 RoD0541461 0.2
2013-070B     C2015 10 24.76077 21 35 31.72 -13 29 10.3          16.0 RoD0541461 0.2
2013-070B     C2015 11 09.32880 03 23 21.63 -14 36 52.9          14.4 VqD0530703 0.5
2013-070B     C2015 11 09.33536 03 23 34.42 -14 35 28.1          15.2 VqD0530703 0.5
2013-070B     C2015 11 09.34192 03 23 47.35 -14 34 01.0          14.3 VqD0530703 0.5
2013-070B     C2015 11 09.39010 03 25 27.90 -14 22 12.0          14.2 VqD0530703 0.5
2013-070B     C2015 11 09.39095 03 25 29.80 -14 21 58.4          14.8 VqD0530703 0.5
2013-070B     C2015 11 09.39180 03 25 31.70 -14 21 44.7          15.1 VqD0530703 0.5
2013-070B     C2015 11 09.39264 03 25 33.66 -14 21 30.6          15.1 VqD0530703 0.5
2013-070B     C2015 12 04.48440 22 46 17.32 -20 14 37.7          16.0 RqD0541Q65 0.5
2013-070B     C2015 12 04.48813 22 46 19.70 -20 14 25.7          17.2 RqD0541Q65 0.5
2013-070B     C2015 12 04.48909 22 46 20.33 -20 14 22.7          16.4 RqD0541Q65 0.5
2013-070B     C2015 12 04.49287 22 46 22.89 -20 14 10.4          16.1 RqD0541Q65 0.5
2013-070B     C2015 12 04.49382 22 46 23.48 -20 14 07.8          16.8 RqD0541Q65 0.5
2013-070B     C2015 12 06.51065 23 23 24.24 -20 29 34.8          16.5 RqD0541Q65 0.5
2013-070B     C2015 12 06.51159 23 23 24.61 -20 29 31.4          17.1 RqD0541Q65 0.5
2013-070B     C2015 12 06.51436 23 23 26.00 -20 29 20.3          16.8 RqD0541Q65 0.5
2013-070B     C2015 12 06.51528 23 23 26.45 -20 29 16.6          16.6 RqD0541Q65 0.5
2013-070B     C2015 12 06.51622 23 23 26.89 -20 29 13.0          17.7 RqD0541Q65 0.5
2013-070B     C2016 07 05.01291 19 47 35.81 -39 24 38.1          15.9 RqD0549Y00 0.2
2013-070B     C2016 07 05.01378 19 47 37.84 -39 24 46.4          15.7 RqD0549Y00 0.2
2013-070B     C2016 07 05.01515 19 47 41.00 -39 25 01.1          15.4 RqD0549Y00 0.2
2013-070B     C2016 07 05.31891 19 55 29.11 -39 03 08.5          15.3 RqD0549Y00 0.2
2013-070B     C2016 07 05.32055 19 55 32.25 -39 02 40.0          15.4 RqD0549Y00 0.2
2013-070B     C2016 07 05.32194 19 55 35.16 -39 02 15.8          15.4 RqD0549Y00 0.2
2013-070B     C2016 08 07.52843 23 21 33.358-19 17 24.34         16.1 wtD0550F51 0.2
2013-070B     C2016 08 07.53880 23 21 28.643-19 15 59.82         17.9 wtD0550F51 0.2
2013-070B     C2016 08 07.54915 23 21 23.951-19 14 30.87         16.8 wtD0550F51 0.2
2013-070B     C2016 08 07.55951 23 21 19.358-19 12 59.06         17.2 wtD0550F51 0.2
2013-070B     C2016 08 26.47717 23 08 18.107-17 29 08.02         16.2 rtD0550F51 0.2
2013-070B     C2016 08 26.48813 23 08 12.427-17 27 21.46         17.9 rtD0550F51 0.2
2013-070B     C2016 08 26.49907 23 08 06.834-17 25 31.09         16.6 rtD0550F51 0.2
2013-070B     C2016 08 27.45557 23 18 53.425-14 43 49.80         15.9 wtD0550F51 0.2
2013-070B     C2016 08 27.46668 23 18 47.603-14 41 49.12         16.6 wtD0550F51 0.2
2013-070B     C2016 08 27.47781 23 18 41.776-14 39 44.99         17.5 wtD0550F51 0.2
2013-070B     C2016 08 29.35241 23 45 02.15 -07 11 26.8          15.0 VqD0550G96 0.2
2013-070B     C2016 08 29.37134 23 44 56.59 -07 05 02.8          16.3 VqD0550G96 0.2
2013-070B     C2016 08 29.38083 23 44 53.90 -07 01 48.0          15.0 VqD0550G96 0.2
2013-070B     C2016 08 31.23395 00 59 00.45 +17 53 19.4          14.1 RqD0550Y00 0.2
2013-070B     C2016 08 31.23474 00 59 02.75 +17 54 52.9          14.5 RqD0550Y00 0.2
2013-070B     C2016 08 31.23556 00 59 05.04 +17 56 31.7          15.0 RqD0550Y00 0.2
     2013-07  C2016 09 07.39091 22 15 12.979-30 44 55.67         16.6 wLD0550F51 0.2
     2013-07  C2016 09 07.40123 22 15 07.622-30 43 33.80         18.1 wLD0550F51 0.2
     2013-07  C2016 09 07.41156 22 15 02.260-30 42 06.38         16.4 wLD0550F51 0.2
2013-070B     C2016 09 12.24563 22 59 13.97 -20 27 08.1          16.8 VqD0550703 0.2
2013-070B     C2016 09 12.25180 22 59 11.70 -20 26 24.0          16.8 VqD0550703 0.2
2013-070B     C2016 09 12.25798 22 59 09.40 -20 25 39.6          17.2 VqD0550703 0.2
2013-070B     C2016 09 12.26417 22 59 06.98 -20 24 53.7          16.7 VqD0550703 0.2
2013-070B     C2017 03 02.28417 10 58 45.43 -03 13 56.3          16.7 VqD0555703 0.5
2013-070B     C2017 03 02.28945 10 58 43.80 -03 16 27.4          15.4 VqD0555703 0.5
2013-070B     C2017 03 02.29472 10 58 42.19 -03 18 58.2          17.3 VqD0555703 0.5
2013-070B     C2017 03 02.30000 10 58 40.49 -03 21 28.6          15.5 VqD0555703 0.5
2013-070B     C2017 06 18.09984 20 07 47.03 -40 25 25.2          16.9 RqD0556Y00 0.5
2013-070B     C2017 06 18.10083 20 07 51.14 -40 24 13.1          16.5 RqD0556Y00 0.5
2013-070B     C2017 06 18.10197 20 07 55.59 -40 22 55.9          16.4 RqD0556Y00 0.5
     ZB01E6F  C2018 01 19.24822 07 48 49.42 +05 03 45.7          16.0 GUNEOCP703 0.5
     ZB01E6F  C2018 01 19.25393 07 48 54.33 +05 01 03.2          16.1 GUNEOCP703 0.5
     ZB01E6F  C2018 01 19.26536 07 49 03.91 +04 55 34.5                UNEOCP703 0.5
     ZB01E6F  C2018 01 19.31058 07 49 39.07 +04 34 03.8          14.5 GUNEOCP703 0.5
     ZB01E6F  C2018 01 19.31163 07 49 39.85 +04 33 32.8                UNEOCP703 0.5
     ZB01E6F  C2018 01 19.31261 07 49 40.60 +04 33 06.1          14.7 GUNEOCP703 0.5
     ZB01E6F  C2018 01 19.35276007 49 59.78 +04 12 20.9          17.0 GUNEOCPH01 0.5
     ZB01E6F KC2018 01 19.36030 07 50 20.77 +04 10 58.5                oNEOCP691 0.5
     ZB01E6F  C2018 01 19.36132207 50 07.26 +04 08 17.7          15.4 GUNEOCPH01 0.5
     ZB01E6F KC2018 01 19.36197 07 50 22.12 +04 10 10.6          15.3 RoNEOCP291 0.5
     ZB01E6F KC2018 01 19.36471 07 50 24.35 +04 08 53.3          15.4 RoNEOCP291 0.5
     ZB01E6F KC2018 01 19.36765 07 50 26.78 +04 07 29.9          15.0 RoNEOCP291 0.5
     ZB01E6F  C2018 01 19.36943307 50 14.55 +04 04 27.7          16.9 GUNEOCPH01 0.5
     ZB01E6F  C2018 01 19.37315607 50 17.97 +04 02 42.3          15.7 GUNEOCPH01 0.5
     ZB01E6F KC2018 01 19.37622 07 50 34.03 +04 03 27.6                oNEOCP691 0.5
     ZB01E6F  C2018 01 19.43166 07 51 13.55 +03 36 19.4          15.5 Vq     H06 0.5
     ZB01E6F  C2018 01 19.43205 07 51 14.04 +03 36 09.4          17.0 Vq     H06 0.5
     ZB01E6F  C2018 01 19.43282 07 51 15.01 +03 35 46.9          16.0 Vq     H06 0.5
     ZB01E6F  C2018 01 19.43360 07 51 16.00 +03 35 25.4          16.5 Vq     H06 0.5
     ZB01E6F  C2018 01 19.43399 07 51 16.46 +03 35 14.4          16.1 Vq     H06 0.5
     ZB01E6F  C2018 01 19.43634 07 51 19.44 +03 34 08.7          16.4 Vq     H06 0.5
     ZB01E6F  C2018 01 19.43674 07 51 19.88 +03 33 58.5          16.0 Vq     H06 0.5
     ZB01E6F  C2018 01 19.43713 07 51 20.36 +03 33 48.1          15.5 Vq     H06 0.5
     ZB01E6F  C2018 01 19.44504 07 51 41.79 +03 30 52.2          14.7 GUNEOCP703 0.5
     ZB01E6F  C2018 01 19.44566 07 51 42.55 +03 30 34.6          14.8 GUNEOCP703 0.5
     ZB01E6F  C2018 01 19.44770 07 51 45.04 +03 29 38.4          14.6 GUNEOCP703 0.5
     ZB01E6F  C2018 01 19.44967 07 51 47.44 +03 28 44.1                UNEOCP703 0.5
     ZB01E6F  C2018 01 19.46184 07 52 03.08 +03 23 07.4          13.3 GUNEOCPI52 0.5
     ZB01E6F  C2018 01 19.46197 07 52 03.26 +03 23 03.7          14.0 GUNEOCPI52 0.5
     ZB01E6F  C2018 01 19.46210 07 52 03.42 +03 23 00.2          14.2 GUNEOCPI52 0.5
     ZB01E6F  C2018 01 19.46223 07 52 03.57 +03 22 56.6          14.5 GUNEOCPI52 0.5
     ZB01E6F KC2018 01 19.56736 07 58 55.77 +03 48 24.4          16.4 VqNEOCPE23 0.5
     ZB01E6F KC2018 01 19.57083 07 58 57.90 +03 46 53.1          16.1 VqNEOCPE23 0.5
     ZB01E6F KC2018 01 19.57430 07 59 00.04 +03 45 21.8          16.3 VqNEOCPE23 0.5
     A108QVa  C2018 09 24.44141 01 51 11.51 +07 29 22.3          14.6 oUNEOCPT05 2.0
     A108QVa  C2018 09 24.46570 01 53 56.94 +07 11 01.5          15.0 oUNEOCPT05 2.0
     A108QVa  C2018 09 24.47755 01 55 16.26 +07 01 58.7          15.6 oUNEOCPT05 2.0
     A109uJh  C2018 10 27.56403 05 16 34.45 -11 27 26.5          15.7 oUNEOCPT05 2.0
     A109uJh  C2018 10 27.57438 05 16 45.21 -11 29 07.7          16.4 oUNEOCPT05 2.0
     A109uJh  C2018 10 27.59471 05 17 06.59 -11 32 17.4          16.6 oUNEOCPT05 2.0
     A10amie  C2018 12 03.57974 09 16 11.98 -18 28 48.4          17.1 oVNEOCPT08 2.0
     A10amie  C2018 12 03.58542 09 16 13.80 -18 28 49.0          16.5 oVNEOCPT08 2.0
     A10amie  C2018 12 03.60381 09 16 19.54 -18 28 45.6          17.2 oVNEOCPT08 2.0
     A10amie  C2018 12 03.60843 09 16 20.96 -18 28 43.1          16.8 oVNEOCPT08 2.0
     A10amie KC2018 12 04.13837609 29 13.90 -18 32 20.0          18.4 GVNEOCPJ95 2.0
     A10amie KC2018 12 04.13951209 29 14.78 -18 32 19.8          17.0 GVNEOCPJ95 2.0
     A10amie KC2018 12 04.14434709 29 18.47 -18 32 19.1          17.0 GVNEOCPJ95 2.0
     A10amie IC2018 12 04.14771509 29 21.07 -18 32 18.6          18.7 GVNEOCPJ95 2.0
     ZX16543  C2018 12 14.23447 04 13 34.32 -08 31 21.4          15.8 GV     703 2.0
     ZX16543  C2018 12 14.23971 04 13 42.83 -08 32 31.5          15.6 GV     703 2.0
     ZX16543  C2018 12 14.24495 04 13 51.32 -08 33 40.8          15.3 GV     703 2.0
     ZX16543  C2018 12 14.25019 04 13 59.78 -08 34 49.0          15.2 GV     703 2.0
     C02A4C2  C2019 01 11.29040 06 09 37.66 -15 57 46.8                V     G96 2.0
     C02A4C2  C2019 01 11.29605 06 09 39.63 -15 57 52.1          18.3 GV     G96 2.0
     C02A4C2  C2019 01 11.30166 06 09 41.63 -15 57 56.7          17.3 GV     G96 2.0
     C02A4C2  C2019 01 11.30727 06 09 43.68 -15 58 00.7          16.3 GV     G96 2.0
     C04AMY1  C2019 03 01.49043 15 00 33.67 +12 43 04.5                V     703 2.0
     C04AMY1  C2019 03 01.49574 15 00 59.80 +12 45 05.9          15.2 GV     703 2.0
     C04AMY1  C2019 03 01.50106 15 01 26.08 +12 47 06.1          15.1 GV     703 2.0
     C0CVDF2  C2019 03 29.29743 12 46 37.01 +03 15 23.5          16.3 GV     G96 2.0
     C0CVDF2  C2019 03 29.30253 12 46 52.83 +03 17 25.4          15.6 GV     G96 2.0
     C0CVDF2  C2019 03 29.30764 12 47 08.74 +03 19 28.3          15.4 GV     G96 2.0
     C0CVDF2  C2019 03 29.31275 12 47 24.67 +03 21 31.4          15.1 GV     G96 2.0
     C062JF1  C2019 03 29.37739 12 50 49.70 +03 47 24.3          15.4 GV     703 2.0
     C062JF1  C2019 03 29.38265 12 51 07.05 +03 49 30.2          15.4 GV     703 2.0
     C062JF1  C2019 03 29.38792 12 51 24.41 +03 51 35.1          15.3 GV     703 2.0
     C0FDRY1  C2019 09 20.43241 03 21 35.11 -23 32 53.0          17.1 GV     703 0.4
     C0FDRY1  C2019 09 20.43770 03 21 36.31 -23 32 50.7          17.2 GV     703 0.4
     C0FDRY1  C2019 09 20.44300 03 21 37.50 -23 32 47.8          17.3 GV     703 0.4
     C0FDRY1  C2019 09 20.44829 03 21 38.68 -23 32 43.6          17.3 GV     703 0.4
     C0GHFY1  C2019 10 03.19738 23 14 45.81 -15 19 58.5          15.8 GV     703 0.4
     C0GHFY1  C2019 10 03.20265 23 14 53.26 -15 21 13.0          15.7 GV     703 0.4
     C0GHFY1  C2019 10 03.20792 23 15 00.61 -15 22 26.3          15.6 GV     703 0.4
     C0GHFY1  C2019 10 03.21320 23 15 07.93 -15 23 38.9          15.3 GV     703 0.4
     C0H6UU1  C2019 10 06.24635 00 51 24.57 -20 59 41.0          16.2 GV     703 0.4
     C0H6UU1  C2019 10 06.25174 00 51 27.03 -21 00 08.1          16.6 GV     703 0.4
     C0H6UU1  C2019 10 06.25713 00 51 29.44 -21 00 34.3          16.8 GV     703 0.4
     C0H6UU1  C2019 10 06.26253 00 51 31.81 -21 00 58.5          17.1 GV     703 0.4
     C0HN4K1  C2019 10 09.26518 01 51 27.51 -22 34 57.8          17.4 GV     703 0.4
     C0HN4K1  C2019 10 09.26968 01 51 28.68 -22 35 11.1          17.3 GV     703 0.4
     C0HN4K1  C2019 10 09.27418 01 51 29.83 -22 35 22.3          16.8 GV     703 0.4
     C0HN4K1  C2019 10 09.27868 01 51 30.88 -22 35 33.4          16.6 GV     703 0.4
     C0JGMP1  C2019 10 20.42244 05 14 02.93 -16 12 30.5          16.7 GV     703 0.4
     C0JGMP1  C2019 10 20.42771 05 14 06.49 -16 11 52.5          17.4 GV     703 0.4
     C0JGMP1  C2019 10 20.43296 05 14 09.93 -16 11 12.4          17.5 GV     703 0.4
     C0JGMP1  C2019 10 20.43822 05 14 13.43 -16 10 31.7          17.3 GV     703 0.4
     C0LW2J1  C2019 10 23.46381 08 12 02.51 +00 46 34.0          16.8 GV     703 0.4
     C0LW2J1  C2019 10 23.46944 08 12 36.10 +00 51 16.6                V     703 0.4
     C0LW2J1  C2019 10 23.47508 08 13 10.23 +00 56 05.7                V     703 0.4
     C0LW2J1  C2019 10 23.48071 08 13 43.18 +01 00 46.0          15.8 GV     703 0.4
     C0P9751  C2019 10 29.19870 23 55 28.12 -21 31 44.8          16.6 GV     703 0.4
     C0P9751  C2019 10 29.20445 23 55 32.20 -21 32 11.5          17.2 GV     703 0.4
     C0P9751  C2019 10 29.21019 23 55 36.17 -21 32 37.2          17.2 GV     703 0.4
     C0P9751  C2019 10 29.21594 23 55 40.22 -21 33 01.7          15.8 GV     703 0.4
     C0Q1GM1  C2019 11 01.22597 01 07 34.15 -23 24 51.6          16.8 GV     703 0.4
     C0Q1GM1  C2019 11 01.23167 01 07 35.50 -23 24 58.0          17.7 GV     703 0.4
     C0Q1GM1  C2019 11 01.23738 01 07 36.84 -23 25 03.4          17.6 GV     703 0.4
     C0Q1GM1  C2019 11 01.24308 01 07 38.18 -23 25 08.0          16.4 GV     703 0.4
     C0QGUV1  C2019 11 04.23428 01 58 01.81 -23 17 54.2          18.0 GV     703 0.4
     C0QGUV1  C2019 11 04.23967 01 58 02.48 -23 17 55.3          18.0 GV     703 0.4
     C0QGUV1  C2019 11 04.24506 01 58 03.11 -23 17 54.6          17.6 GV     703 0.4
     C0QGUV1  C2019 11 04.25045 01 58 03.72 -23 17 53.8          17.2 GV     703 0.4
     C0TDU01  C2019 12 06.17241 02 29 29.81 -23 24 17.2          17.9 GV     703 0.4
     C0TDU01  C2019 12 06.17793 02 29 30.45 -23 24 05.8                V     703 0.4
     C0TDU01  C2019 12 06.18345 02 29 30.95 -23 23 54.2          18.5 GV     703 0.4
     C0TDU01  C2019 12 06.18898 02 29 31.44 -23 23 41.9          19.3 GV     703 0.4
     C0TU8Q1  C2019 12 17.41234 05 43 11.73 -03 44 25.0          15.7 GV     703 0.4
     C0TU8Q1  C2019 12 17.41800 05 43 17.38 -03 42 58.6          17.0 GV     703 0.4
     C0TU8Q1  C2019 12 17.42366 05 43 23.21 -03 41 30.7                V     703 0.4
     C0TU8Q1  C2019 12 17.42932 05 43 29.15 -03 40 04.0          16.5 GV     703 0.4
     C0U1D81  C2019 12 20.34718 08 18 32.28 +15 32 41.9          15.2 GV     703 0.4
     C0U1D81  C2019 12 20.35242 08 18 52.96 +15 36 04.6          14.5 GV     703 0.4
     C1MEDW2  C2019 12 20.36187 08 19 30.85 +15 42 10.0          15.5 GV     G96 0.4
     C0U1D81  C2019 12 20.36290 08 19 34.37 +15 42 49.1          15.9 GV     703 0.4
     C1MEDW2  C2019 12 20.37299 08 20 14.39 +15 49 13.0          16.3 GV     G96 0.4
     C1MEDW2  C2019 12 20.37854 08 20 36.42 +15 52 46.2          16.8 GV     G96 0.4
     C19WQD1  C2020 09 14.38513 02 45 16.07 +00 46 01.2          16.6 GV     703 0.2
     C19WQD1  C2020 09 14.39103 02 45 20.71 +00 49 20.4          15.0 GV     703 0.2
     C19WQD1  C2020 09 14.39589 02 45 24.48 +00 52 04.2          15.8 GV     703 0.2
     C19WQD1  C2020 09 14.40075 02 45 28.31 +00 54 47.3                V     703 0.2
     C1CJ8X1  C2020 10 06.34883 00 57 45.65 -22 20 09.7          17.4 GV     703 0.2
     C1CJ8X1  C2020 10 06.35419 00 57 45.15 -22 19 12.8          16.7 GV     703 0.2
     C1CJ8X1  C2020 10 06.35955 00 57 44.67 -22 18 16.1          16.4 GV     703 0.2
     C1CJ8X1  C2020 10 06.36491 00 57 44.23 -22 17 17.7          17.1 GV     703 0.2
     A10rr74  C2020 10 07.48056401 11 00.08 -19 06 28.2          16.67oV!    T05 0.2
     A10rr74  C2020 10 07.48376601 10 59.54 -19 05 50.6          16.44oV!    T05 0.2
     A10rr74  C2020 10 07.51642801 10 55.10 -18 59 06.8          16.52oV!    T05 0.2
     C3FAPA2  C2020 10 09.30126 01 35 58.73 -13 01 20.4          16.0 GV     G96 0.2
     C3FAPA2  C2020 10 09.30642 01 35 58.50 -13 00 10.3          16.1 GV     G96 0.2
     C3FAPA2  C2020 10 09.31157 01 35 58.23 -12 58 59.0          16.4 GV     G96 0.2
     C3FAPA2  C2020 10 09.31671 01 35 57.95 -12 57 47.1          16.6 GV     G96 0.2
     C1HEP71  C2020 11 05.27980 01 50 13.90 -07 41 09.9          16.2 GV     703 0.2
     C1HEP71  C2020 11 05.28503 01 50 14.58 -07 39 14.3          15.5 GV     703 0.2
     C1HEP71  C2020 11 05.29027 01 50 15.20 -07 37 18.8          16.2 GV     703 0.2
     C1HEP71  C2020 11 05.29551 01 50 15.92 -07 35 21.9          16.6 GV     703 0.2
     Sar2484* C2020 11 07.96221 03 13 22.12 +17 09 18.3          15.8 Ro!    K88 0.2
     Sar2484  C2020 11 07.96291 03 13 23.38 +17 09 53.7          16.1 Ro!    K88 0.2
     Sar2484  C2020 11 07.96366 03 13 24.70 +17 10 31.6                o!    K88 0.2
     C1MRVK1  C2020 12 02.32089 02 35 11.53 +07 46 16.3          17.0 GV     703 0.2
     C1MRVK1  C2020 12 02.32703 02 35 19.82 +07 51 01.3          15.6 GV     703 0.2
     C1MRVK1  C2020 12 02.33317 02 35 28.24 +07 55 40.1          16.9 GV     703 0.2
     C1MRVK1  C2020 12 02.33931 02 35 36.99 +08 00 24.0          15.3 GV     703 0.2
     ZTF0Kyh  C2021 04 19.22304409 11 54.47 +56 02 45.3          15.66RU!    I41 0.2
     ZTF0Kyh  C2021 04 19.22339109 12 00.86 +56 02 00.6          15.66RU!    I41 0.2
     ZTF0Kyh  C2021 04 19.23897009 16 50.66 +55 27 40.2          15.18iU!    I41 0.2
     ZTF0Kyh  C2021 04 19.23931709 16 57.07 +55 26 53.5          15.18iU!    I41 0.2
     A10wE4S  C2021 04 20.43592212 43 31.72 +03 30 50.5          14.12oV!    T08 0.2
     A10wE4S  C2021 04 20.44426212 43 52.92 +03 11 48.4          14.80oV!    T08 0.2
     A10wE4S  C2021 04 20.44706412 44 00.12 +03 05 25.5          14.82oV!    T08 0.2
     A10wE4S  C2021 04 20.45349412 44 16.78 +02 50 48.9          14.36oV!    T08 0.2
     ZTF0L5v  C2021 05 16.19405111 41 30.45 +27 11 53.1          16.83gU!    I41 0.2
     ZTF0L5v  C2021 05 16.19439811 41 31.69 +27 11 08.4          16.83gU!    I41 0.2
     ZTF0L5v  C2021 05 16.24596111 44 51.33 +25 19 21.3          16.16RU!    I41 0.2
     ZTF0L5v  C2021 05 16.24630811 44 52.62 +25 18 37.1          16.16RU!    I41 0.2
     A10yjEY  C2021 06 15.28167912 30 58.43 +02 43 56.3          17.63cV!    T08 0.2
     A10yjEY  C2021 06 15.28586312 31 06.17 +02 36 32.4          15.79cV!    T08 0.2
     A10yjEY  C2021 06 15.29139712 31 16.52 +02 26 47.3          16.61cV!    T08 0.2
     A10yHwk  C2021 07 04.53353122 21 11.30 -42 36 39.6          18.65oV!    T08 0.2
     A10yHwk  C2021 07 04.54035922 21 10.11 -42 35 27.5          16.59oV!    T08 0.2
     A10yHwk  C2021 07 04.54358322 21 09.48 -42 34 52.4          17.45oV!    T08 0.2
     A10yHwk  C2021 07 04.55048622 21 08.13 -42 33 35.0          17.16oV!    T08 0.2
     A10yTw3  C2021 07 08.56741823 31 32.66 -21 37 40.5          15.67oV!    T08 0.2
     A10yTw3  C2021 07 08.57156523 31 32.19 -21 35 49.8          18.16oV!    T08 0.2
     A10yTw3  C2021 07 08.58067123 31 31.03 -21 31 48.6          15.69oV!    T08 0.2
     A10yTw3  C2021 07 08.59866123 31 28.30 -21 23 35.7          16.42oV!    T08 0.2
     A10yWKm  C2021 07 09.57015023 53 51.54 -12 22 55.8          15.40oV     T08 0.2
     A10yWKm  C2021 07 09.57504423 53 51.80 -12 19 49.4          15.84oV     T08 0.2
     A10yWKm  C2021 07 09.58059123 53 51.99 -12 16 21.5          15.25oV     T08 0.2
     A10yWKm  C2021 07 09.59863523 53 52.02 -12 04 50.5          16.31oV     T08 0.2
     A10zrcI  C2021 08 01.47294022 32 15.50 -37 23 26.8          16.39oV!    T08 0.2
     A10zrcI  C2021 08 01.47478522 32 15.06 -37 22 56.5          16.55oV!    T08 0.2
     A10zrcI  C2021 08 01.47805622 32 14.30 -37 22 04.3          16.02oV!    T08 0.2
     A10zrcI  C2021 08 01.48357922 32 12.96 -37 20 33.3          16.50oV!    T08 0.2
     A10zycn  C2021 08 03.46213923 09 06.01 -25 01 05.3          16.41oV!    T05 0.2
     A10zycn  C2021 08 03.46534323 09 05.70 -24 59 46.8          15.53oV!    T05 0.2
     A10zycn  C2021 08 03.47084623 09 05.11 -24 57 31.0          15.76oV!    T05 0.2
     A10Araf  C2021 08 25.40456922 20 19.38 -40 20 23.5          17.68oV!    T08 0.2
     A10Araf  C2021 08 25.43348722 20 12.88 -40 11 25.2          16.70oV!    T08 0.2
     A10Araf  C2021 08 25.43763922 20 11.89 -40 10 03.4          17.43oV!    T08 0.2
     A10Araf  C2021 08 25.44411422 20 10.41 -40 07 52.5          15.72oV!    T08 0.2
     A10AvPr  C2021 08 27.57163522 59 44.73 -25 28 45.3          15.28oV!    T05 0.2
     A10AvPr  C2021 08 27.57764822 59 45.70 -25 25 06.4          16.74oV!    T05 0.2
     A10AvPr  C2021 08 27.58412222 59 46.99 -25 21 06.9          15.86oV!    T05 0.2
     A10AvPr  C2021 08 27.59564422 59 49.94 -25 13 59.4          16.85oV!    T05 0.2
     A10AwWE  C2021 08 28.44170423 21 54.77 -17 03 34.1          16.47oV!    T05 0.2
     A10AwWE  C2021 08 28.44353223 21 54.60 -17 02 23.9          16.41oV!    T05 0.2
     A10AwWE  C2021 08 28.44673223 21 54.29 -17 00 19.0          16.57oV!    T05 0.2
     A10AwWE  C2021 08 28.45595523 21 53.28 -16 54 17.9          15.86oV!    T05 0.2
     A10BoP9  C2021 09 24.52602400 50 26.07 +28 45 45.2          14.50oV!    T08 0.2
     A10BoP9  C2021 09 24.52925500 50 32.51 +28 50 52.5          15.93oV!    T08 0.2
     A10BoP9  C2021 09 24.53574900 50 45.74 +29 01 06.8          14.51oV!    T08 0.2
     A10BoP9  C2021 09 24.57121700 52 04.27 +29 55 13.3          14.92oV!    T08 0.2
     A10Clt4  C2021 10 21.36444523 13 36.54 -17 29 10.3          16.74oV!    T08 0.4
     A10Clt4  C2021 10 21.36722523 13 37.40 -17 26 38.5          16.36oV!    T08 0.4
     A10Clt4  C2021 10 21.37091223 13 38.58 -17 23 20.3          16.37oV!    T08 0.4
     A10Clt4  C2021 10 21.37321723 13 39.30 -17 21 14.4          16.27oV!    T08 0.4
     A10Clt4  C2021 10 21.37644023 13 40.45 -17 18 16.5          17.10oV!    T08 0.4
     A10Clt4  C2021 10 21.38659423 13 44.16 -17 08 55.8          16.91oV!    T08 0.4
     A10Cn7m  C2021 10 22.36258023 50 25.69 +00 06 36.5          15.85oV!    T08 0.4
     A10Cn7m  C2021 10 22.36673623 50 28.34 +00 11 57.2          16.32oV!    T08 0.4
     A10Cn7m  C2021 10 22.37984523 50 37.11 +00 28 51.3          15.65oV!    T08 0.4
     A10Cn7m  C2021 10 22.38584423 50 41.27 +00 36 35.0          15.74oV!    T08 0.4
     A10DvUc  C2021 11 24.53097509 33 33.26 +45 29 08.6          15.41oV!    T08 0.4
     A10DvUc  C2021 11 24.53513209 34 07.24 +45 20 38.4          15.95oV!    T08 0.4
     A10DvUc  C2021 11 24.54074309 34 52.61 +45 08 59.8          15.18oV!    T08 0.4
     A10DvUc  C2021 11 24.55407609 36 36.01 +44 41 11.9          15.55oV!    T08 0.4
     A10Fn6h  C2022 02 07.37931405 33 04.58 +62 16 06.6          15.29oV!    T08 0.14
     A10Fn6h  C2022 02 07.38255605 34 09.42 +62 13 17.2          15.20oV!    T08 0.14
     A10Fn6h  C2022 02 07.38809305 35 59.90 +62 08 19.4          13.66oV!    T08 0.14
     A10Fn6h  C2022 02 07.39875005 39 31.41 +61 58 19.0          14.83oV!    T08 0.14
39459         C2022 02 10.72157510 57 16.869-02 43 53.00         18.8 V      323 0.14
39459         C2022 02 10.72851910 57 16.169-02 41 35.85         18.9 V      323 0.14
     39459U   C2022 02 11.43539 11 11 49.61 -11 10 06.8          17.0 GV     G96 0.14
     39459U   C2022 02 11.44112 11 11 50.30 -11 13 10.8          15.7 GV     G96 0.14
     39459U   C2022 02 11.44683 11 11 51.09 -11 16 16.4          17.4 GV     G96 0.14
     39459U   C2022 02 11.45256 11 11 51.99 -11 19 23.2          17.5 GV     G96 0.14
     A10GFGv  C2022 03 13.16789411 22 08.83 -13 46 55.3          17.62oV!    W68 0.14
     A10GFGv  C2022 03 13.16969511 22 08.58 -13 47 31.7          15.99oV!    W68 0.14
     A10GFGv  C2022 03 13.17240211 22 08.18 -13 48 27.5          16.49oV!    W68 0.14
     A10GFGv  C2022 03 13.19489111 22 04.58 -13 56 02.2          15.85oV!    W68 0.14
     C2YPJ61  C2022 03 14.28339 11 36 07.87 -20 08 16.9          17.6 GV     703 0.14
     C2YPJ61  C2022 03 14.28879 11 36 07.03 -20 09 52.1          17.5 GV     703 0.14
     C2YPJ61  C2022 03 14.29420 11 36 06.22 -20 11 27.9          18.5 GV     703 0.14
     C2YPJ61  C2022 03 14.29960 11 36 05.41 -20 13 01.0          18.3 GV     703 0.14
     A10GHGd  C2022 03 16.97256012 06 47.69 -30 29 50.4          18.28oV!    M22 0.14
     A10GHGd  C2022 03 16.97680412 06 47.02 -30 30 41.1          18.34oV!    M22 0.14
     A10GHGd  C2022 03 16.98679412 06 45.26 -30 32 43.7          17.95oV!    M22 0.14
     A10GHGd  C2022 03 16.99706412 06 43.56 -30 34 45.1          18.16oV!    M22 0.14
     C30L181  C2022 04 07.16612 07 47 19.92 +50 10 12.0          16.1 GV     703 0.14
     C30L181  C2022 04 07.17197 07 48 20.18 +49 58 21.4          15.5 GV     703 0.14
     ZTF0NhA  C2022 04 07.17378507 49 43.937+49 56 38.76         15.73RU!    I41 0.14
     ZTF0NhA  C2022 04 07.17413207 49 47.334+49 55 58.12         15.73RU!    I41 0.14
     C30L181  C2022 04 07.17782 07 49 19.66 +49 46 32.1                V     703 0.14
     C30L181  C2022 04 07.18366 07 50 18.91 +49 34 38.0                V     703 0.14
     ZTF0NhA  C2022 04 07.19670107 53 30.279+49 10 39.33         17.09gU!    I41 0.14
     ZTF0NhA  C2022 04 07.19704907 53 33.630+49 09 57.94         17.09gU!    I41 0.14
     C30LR91  C2022 04 08.18247 09 43 14.19 +23 48 55.8          16.3 GV     703 0.14
     C30LR91  C2022 04 08.18817 09 43 22.40 +23 41 55.2                V     703 0.14
     C30LR91  C2022 04 08.19386 09 43 30.38 +23 34 56.4                V     703 0.14
     C30LR91  C2022 04 08.19955 09 43 38.63 +23 27 53.1          16.4 GV     703 0.14
     C30NRZ1  C2022 04 09.21222 10 24 19.20 +07 26 13.7          16.1 GV     703 0.14
     C30NRZ1  C2022 04 09.21751 10 24 20.94 +07 22 12.5          15.8 GV     703 0.14
     C30NRZ1  C2022 04 09.22280 10 24 22.72 +07 18 12.5          15.5 GV     703 0.14
     C30NRZ1  C2022 04 09.22809 10 24 24.45 +07 14 12.4          15.2 GV     703 0.14
     A10Hcke  C2022 04 10.10407410 46 23.179-01 03 46.80         17.16oV!    W68 0.14
     A10Hcke  C2022 04 10.10677710 46 23.179-01 05 16.80         17.11oV!    W68 0.14
     A10Hcke  C2022 04 10.11266210 46 23.232-01 08 33.86         16.73oV!    W68 0.14
     A10Hcke  C2022 04 10.12305910 46 23.412-01 14 19.03         16.68oV!    W68 0.14
     C7MA5F2  C2022 04 10.19344 10 48 41.81 -02 52 14.3                V     G96 0.14
     C7MA5F2  C2022 04 10.19907 10 48 41.86 -02 55 16.3          16.0 GV     G96 0.14
     C7MA5F2  C2022 04 10.20470 10 48 41.91 -02 58 16.5          17.1 GV     G96 0.14
     C7MA5F2  C2022 04 10.21033 10 48 41.94 -03 01 16.1          17.8 GV     G96 0.14
     A10HcT4  C2022 04 12.13471811 20 00.708-15 32 09.46         16.89oV!    W68 0.14
     A10HcT4  C2022 04 12.13885011 20 00.010-15 33 30.31         16.97oV!    W68 0.14
     A10HcT4  C2022 04 12.16122511 19 56.506-15 40 37.56         18.26oV!    W68 0.14
     C3122L1  C2022 04 12.16679 11 21 46.05 -16 27 16.7          17.6 GV     703 0.14
     C3122L1  C2022 04 12.17213 11 21 45.57 -16 29 08.4          18.0 GV     703 0.14
     C3122L1  C2022 04 12.17749 11 21 44.91 -16 31 01.2          17.7 GV     703 0.14
     A10HcT4  C2022 04 12.18057011 19 54.293-15 46 36.30         16.75oV!    W68 0.14
     C3122L1  C2022 04 12.18283 11 21 44.20 -16 32 52.4          17.2 GV     703 0.14
     A10Hwd2  C2022 05 10.06930011 18 09.240-21 24 51.08         16.02oV     W68 0.14
     A10Hwd2  C2022 05 10.07297011 18 08.842-21 25 55.60         18.38oV     W68 0.14
     A10Hwd2  C2022 05 10.07960411 18 08.102-21 27 57.24         16.73oV     W68 0.14
     A10Hwd2  C2022 05 10.09038011 18 07.123-21 31 08.15         15.76oV     W68 0.14
     C336WJ1  C2022 05 10.17932 11 19 58.91 -22 45 54.3                V     703 0.14
     C336WJ1  C2022 05 10.18468 11 19 58.38 -22 47 27.0          17.0 GV     703 0.14
     C336WJ1  C2022 05 10.19005 11 19 57.94 -22 48 59.2          16.7 GV     703 0.14
     C336WJ1  C2022 05 10.19541 11 19 57.43 -22 50 30.1          16.1 GV     703 0.14
     A10Hz1w  C2022 05 17.12694213 00 24.955-44 49 34.72         18.29oV!    W68 0.14
     A10Hz1w  C2022 05 17.13014213 00 24.694-44 49 54.77         17.51oV!    W68 0.14
     A10Hz1w  C2022 05 17.13670613 00 24.182-44 50 33.11         16.48oV!    W68 0.14
     A10Hz1w  C2022 05 17.14889113 00 23.484-44 51 39.74         18.50oV!    W68 0.14
     A10Oaop  C2022 10 15.61248307 36 07.517+21 33 50.87         16.49oV!    T08 0.14
     A10Oaop  C2022 10 15.61571607 36 24.158+21 28 16.82         13.73oV!    T08 0.14
     A10Oaop  C2022 10 15.61849007 36 37.975+21 23 36.60         15.54oV!    T08 0.14
     A10Rp0B  C2022 12 01.45709005 23 38.455+32 42 48.74         12.87oV!    T05 0.14
     A10Rp0B  C2022 12 01.46027705 24 18.034+32 36 28.48         14.56oV!    T05 0.14
     A10Rp0B  C2022 12 01.47394605 27 04.627+32 09 06.73         13.18oV!    T05 0.14
     A10Rp0B  C2022 12 01.48873405 29 59.868+31 39 09.97         14.06oV!    T05 0.14
     A10Rp0B  C2022 12 01.49491605 31 11.770+31 26 32.75         13.86oV!    T05 0.14
     A10Rxfy  C2022 12 06.32488009 42 49.819-17 25 04.55         18.05oV     W68 0.14
     A10Rxfy  C2022 12 06.33690509 42 51.370-17 27 58.36         17.64oV     W68 0.14
     A10Rxfy  C2022 12 06.34956609 42 52.642-17 30 55.66         16.89oV     W68 0.14
     A10Rxjq  C2022 12 07.03550909 55 44.630-19 42 37.73         16.02oV     M22 0.14
     A10Rxjq  C2022 12 07.04004009 55 45.742-19 43 41.84         17.42oV     M22 0.14
     A10Rxjq  C2022 12 07.05738209 55 49.241-19 47 39.62         17.54oV     M22 0.14
     A10RODP  C2022 12 30.23410808 30 17.167-05 59 49.09         19.13cV!    W68 0.14
     A10RODP  C2022 12 30.23590908 30 17.590-06 00 20.23         17.80cV!    W68 0.14
     A10RODP  C2022 12 30.23906808 30 18.334-06 01 15.42         19.38cV!    W68 0.14
     A10RODP  C2022 12 30.24447608 30 19.594-06 02 47.36         18.49cV!    W68 0.14
     A10RS0g  C2023 01 02.23479109 21 16.649-16 35 19.32         17.95oV!    W68 0.14
     A10RS0g  C2023 01 02.23659109 21 16.762-16 35 39.16         17.89oV!    W68 0.14
     A10RS0g  C2023 01 02.23974509 21 16.992-16 36 15.84         17.74oV!    W68 0.14
     A10RS0g  C2023 01 02.24486609 21 17.297-16 37 13.94         16.48oV!    W68 0.14
     C3J7MR1  C2023 01 29.23663 08 26 34.12 -07 18 36.1          18.1 GV     703 0.14
     C3J7MR1  C2023 01 29.24232 08 26 34.65 -07 19 37.6          17.1 GV     703 0.14
     C3J7MR1  C2023 01 29.24801 08 26 35.13 -07 20 37.6          17.5 GV     703 0.14
     C3J7MR1  C2023 01 29.25370 08 26 35.56 -07 21 37.7          18.6 GV     703 0.14
     A10SsiC  C2023 01 30.95241608 47 39.355-10 59 46.21         18.73oV!    M22 0.14
     A10SsiC  C2023 01 30.95738308 47 39.226-11 00 25.96         18.66oV!    M22 0.14
     A10SsiC  C2023 01 30.96021008 47 39.161-11 00 48.31         17.86oV!    M22 0.14
     A10SsiC  C2023 01 30.96341008 47 39.094-11 01 13.55         16.50oV!    M22 0.14
     A10Subv  C2023 01 31.14391308 50 41.964-11 26 07.80         17.96oV!    W68 0.14
     A10Subv  C2023 01 31.17266408 50 41.503-11 30 15.30         16.66oV!    W68 0.14
     A10Subv  C2023 01 31.17763208 50 41.338-11 30 56.95         16.34oV!    W68 0.14
     A10Sw9Q  C2023 02 02.22169609 12 43.135-15 34 35.58         17.72oV!    W68 0.14
     A10Sw9Q  C2023 02 02.22786909 12 42.701-15 35 14.39         18.41oV!    W68 0.14
     A10Sw9Q  C2023 02 02.23354209 12 42.230-15 35 49.60         16.69oV!    W68 0.14
     A10Sw9Q  C2023 02 02.26735509 12 40.260-15 39 07.27         18.63oV!    W68 0.14
     C3KL391  C2023 02 13.39705 11 06 00.32 -30 24 02.4          19.1 GV     703 0.14
     C3KL391  C2023 02 13.40199 11 06 00.23 -30 24 17.3          18.9 GV     703 0.14
     C3KL391  C2023 02 13.40694 11 06 00.15 -30 24 30.4          18.8 GV     703 0.14
     C3KL391  C2023 02 13.41188 11 06 00.07 -30 24 40.9          19.1 GV     703 0.14
     A10SKb4  C2023 02 15.01063111 27 03.682-31 28 50.23         16.60oV!    M22 0.14
     A10SKb4  C2023 02 15.08277111 27 05.700-31 31 41.95         16.94oV!    M22 0.14
     A10SKb4  C2023 02 15.08821111 27 06.122-31 31 47.42         17.53oV!    M22 0.14
     A10SMul  C2023 02 16.26117611 45 32.717-32 37 45.44         16.88oV!    W68 0.14
     A10SMul  C2023 02 16.26433111 45 32.902-32 37 57.72         18.86oV!    W68 0.14
     A10SMul  C2023 02 16.26973811 45 33.161-32 38 17.81         18.41oV!    W68 0.14
     A10SMul  C2023 02 16.30520211 45 34.872-32 40 01.88         18.47oV!    W68 0.14
     A10TbyI  C2023 02 27.07373807 00 25.510+03 21 44.06         15.62oV!    W68 0.14
     A10TbyI  C2023 02 27.08376007 00 37.956+03 16 37.81         15.69oV!    W68 0.14
     A10TbyI  C2023 02 27.09368707 00 50.414+03 11 35.16         17.01oV!    W68 0.14
     A10TcmQ  C2023 02 28.85654007 57 23.172-06 52 15.49         17.31oV!    M22 0.14
     A10TcmQ  C2023 02 28.86016107 57 24.324-06 53 07.58         17.60oV!    M22 0.14
     A10TcmQ  C2023 02 28.86655907 57 26.374-06 54 37.19         17.12oV!    M22 0.14
     A10TcmQ  C2023 02 28.87651507 57 29.662-06 56 56.40         17.08oV!    M22 0.14
     A10TgWE  C2023 03 02.88266508 35 07.176-13 07 03.54         18.06oV!    M22 0.14
     A10TgWE  C2023 03 02.89327008 35 07.834-13 08 29.47         18.68oV!    M22 0.14
     A10TgWE  C2023 03 02.89642608 35 08.095-13 08 54.42         17.46oV!    M22 0.14
     A10TgWE  C2023 03 02.90184008 35 08.479-13 09 37.19         16.59oV!    M22 0.14
     A10TowJ  C2023 03 10.97750710 08 24.698-24 36 27.76         17.81oV!    M22 0.14
     A10TowJ  C2023 03 10.98072610 08 24.751-24 36 31.64         17.62oV!    M22 0.14
     A10TowJ  C2023 03 10.98620410 08 24.806-24 36 38.70         18.57oV!    M22 0.14
     A10TowJ  C2023 03 10.99620510 08 25.058-24 36 48.56         18.43oV!    M22 0.14
     A10TpWO  C2023 03 12.21990910 21 29.587-25 42 39.24         16.82oV!    W68 0.14
     A10TpWO  C2023 03 12.22312310 21 29.474-25 42 43.63         18.27oV!    W68 0.14
     A10TpWO  C2023 03 12.22952510 21 29.258-25 42 50.80         18.17oV!    W68 0.14
     A10TpWO  C2023 03 12.24039710 21 29.030-25 43 01.45         17.50oV!    W68 0.14
     A10TP4y  C2023 03 20.21083312 05 29.162-30 03 37.51         17.46oV!    W68 0.14
     A10TP4y  C2023 03 20.21476612 05 29.640-30 03 38.59         16.39oV!    W68 0.14
     A10TP4y  C2023 03 20.22032412 05 30.305-30 03 39.38         17.67oV!    W68 0.14
     A10TP4y  C2023 03 20.25580412 05 35.215-30 03 14.26         17.09oV!    W68 0.14
     OCA1466 KC2023 03 22.21440 12 47 53.10 -29 58 06.2          17.8 rq!    X74 0.14
     OCA1466 KC2023 03 22.21760 12 47 54.20 -29 57 54.6          17.6 rq!    X74 0.14
     OCA1466 KC2023 03 22.22069 12 47 55.26 -29 57 43.2          17.6 rq!    X74 0.14
     C3NEDX1  C2023 04 02.15548 08 42 50.23 -20 00 47.3          18.9 GV     703 0.14
     C3NEDX1 1C2023 04 02.15548508 42 50.231-20 00 47.27         18.90GV!    703 0.14
     C3NEDX1 1C2023 04 02.16113908 42 51.055-20 01 18.73         17.85GV!    703 0.14
     C3NEDX1  C2023 04 02.16114 08 42 51.06 -20 01 18.7          17.9 GV     703 0.14
     C3NEDX1 1C2023 04 02.16679508 42 51.887-20 01 50.02         18.72GV!    703 0.14
     C3NEDX1  C2023 04 02.16680 08 42 51.89 -20 01 50.0          18.7 GV     703 0.14
     C3NEDX1 1C2023 04 02.17244808 42 52.780-20 02 20.04               V!    703 0.14
     C3NEDX1  C2023 04 02.17245 08 42 52.78 -20 02 20.0                V     703 0.14
     A10Uz20  C2023 04 10.13730410 34 28.255-26 43 25.21         16.99oV!    W68 0.14
     A10Uz20  C2023 04 10.14565810 34 28.488-26 43 25.97         17.53oV!    W68 0.14
     A10Uz20  C2023 04 10.15001310 34 28.603-26 43 25.46         17.50oV!    W68 0.14
     A10Uz20  C2023 04 10.17012710 34 29.849-26 43 16.07         18.73oV!    W68 0.14
     A10UzMe  C2023 04 10.95492610 44 33.050-27 00 58.93         17.94oV!    M22 0.14
     A10UzMe  C2023 04 10.95872510 44 33.864-27 00 52.38         18.80oV!    M22 0.14
     A10UzMe  C2023 04 10.95968810 44 34.106-27 00 49.97         16.66oV!    M22 0.14
     A10UzMe  C2023 04 10.96258010 44 34.766-27 00 44.24         17.77oV!    M22 0.14
     A10UzMe  C2023 04 10.96504010 44 35.383-27 00 39.28         17.27oV!    M22 0.14
     A10UzMe  C2023 04 10.96796410 44 36.149-27 00 32.65         18.06oV!    M22 0.14
     A10UzMe  C2023 04 10.97571610 44 38.254-27 00 15.66         18.07oV!    M22 0.14
     A10UCLR  C2023 04 12.16289311 01 45.725-27 29 25.37         18.00oV!    W68 0.14
     A10UCLR  C2023 04 12.16610911 01 45.994-27 29 21.88         17.91oV!    W68 0.14
     A10UCLR  C2023 04 12.17206611 01 46.481-27 29 15.61         17.89oV!    W68 0.14
     A10UCLR  C2023 04 12.18217011 01 47.566-27 29 01.50         18.31oV!    W68 0.14
     A10UGMk  C2023 04 15.08024911 49 02.582-27 50 05.82         17.78cV!    W68 0.14
     A10UGMk  C2023 04 15.08253411 49 02.938-27 50 09.38         18.74cV!    W68 0.14
     A10UGMk  C2023 04 15.08651811 49 03.602-27 50 13.31         18.81cV!    W68 0.14
     A10UGMk  C2023 04 15.09155411 49 04.373-27 50 19.00         18.83cV!    W68 0.14
     A10UO8j  C2023 04 16.92405212 24 27.890-27 15 26.68         16.17oV!    M22 0.14
     A10UO8j  C2023 04 16.92700912 24 28.920-27 15 16.42         17.15oV!    M22 0.14
     A10UO8j  C2023 04 16.93277912 24 30.974-27 14 55.72         17.21oV!    M22 0.14
     A10UO8j  C2023 04 16.94294212 24 34.668-27 14 16.22         17.75oV!    M22 0.14
     A10USXA  C2023 04 18.18590012 56 29.354-26 13 41.99         18.11cV!    W68 0.14
     A10USXA  C2023 04 18.18910512 56 31.097-26 13 25.14         18.14cV!    W68 0.14
     A10USXA  C2023 04 18.19463412 56 34.109-26 12 54.50         17.86cV!    W68 0.14
     A10USXA  C2023 04 18.20439412 56 39.574-26 11 58.06         17.39cV!    W68 0.14
     A10UWUB  C2023 04 19.97176914 00 58.958-22 28 32.99   ~4MCn 15.97oV!    M22 0.14
     A10UWUB  C2023 04 19.97513514 01 03.559-22 27 46.87   ~4MCn 15.81oV!    M22 0.14
     A10UWUB  C2023 04 19.98936614 01 23.273-22 24 24.73   ~4MCn 14.85oV!    M22 0.14
     A10UWUB  C2023 04 19.99551614 01 31.939-22 22 53.98   ~4MCn 16.41oV!    M22 0.14
     C3Q2YY1 1C2023 04 21.43691415 37 46.693-14 38 04.85   ~52CN 14.92GV!    703 0.14
     C3Q2YY1 1C2023 04 21.45263115 38 50.330-14 26 46.57   ~52CN 15.26GV!    703 0.14
     C95QAF2  C2023 04 21.45705 15 39 09.23 -14 23 31.8    ~4LDd 15.3 GV     G96 0.14
     C95QAF2  C2023 04 21.46217 15 39 30.63 -14 19 44.4    ~4LDd 15.5 GV     G96 0.14
     C95QAF2  C2023 04 21.46728 15 39 52.21 -14 15 55.9    ~4LDd 15.6 GV     G96 0.14
     C95QAF2  C2023 04 21.47241 15 40 14.12 -14 12 04.6    ~4LDd 15.8 GV     G96 0.14
     A10Vnfp  C2023 05 09.10318711 31 53.573-27 07 39.32   ~5AGn 17.48oV!    W68 0.14
     A10Vnfp  C2023 05 09.10700711 31 54.610-27 07 29.96   ~5AGn 18.16oV!    W68 0.14
     A10Vnfp  C2023 05 09.11220711 31 56.162-27 07 15.92   ~5AGn 18.23oV!    W68 0.14
     A10Vnfp  C2023 05 09.12218911 31 59.172-27 06 46.26   ~5AGn 17.13oV!    W68 0.14
     A10VuEp  C2023 05 12.13107512 45 28.409-25 21 05.36   ~5DGt 17.08oV!    W68 0.14
     A10VuEp  C2023 05 12.13656512 45 32.206-25 20 28.64   ~5DGt 17.39oV!    W68 0.14
     A10VuEp  C2023 05 12.14637612 45 39.062-25 19 21.50   ~5DGt 16.16oV!    W68 0.14
     A10W7tY* C2023 07 30.46353520 41 46.010+22 11 53.23   ~7UFU 15.29oVNEOCPT05 0.14
     A10W7tY  C2023 07 30.46579520 42 21.871+22 13 18.80   ~7UFU 15.95oVNEOCPT05 0.14
     A10W7tY  C2023 07 30.46669920 42 36.271+22 13 52.93   ~7UFU 13.59oVNEOCPT05 0.14
     A10W7tY  C2023 07 30.46872520 43 08.455+22 15 08.14   ~7UFU 15.01oVNEOCPT05 0.14
     A10W7tY  C2023 07 30.47408920 44 33.749+22 18 22.68   ~7UFU 14.42oVNEOCPT05 0.14
     A10W7tY  C2023 07 30.50685220 53 18.451+22 35 45.17   ~7UFU 15.14oVNEOCPT05 0.14
     A10W7tY KB2023 07 30.69453021 58 32.041+25 35 50.93   ~84Ji 15.5 GV!    P21 0.14
     A10W7tY KB2023 07 30.69458821 58 32.957+25 35 50.70   ~84Ji 15.2 GV!    P21 0.14
     A10W7tY KB2023 07 30.69464621 58 33.816+25 35 52.38   ~84Ji 15.5 GV!    P21 0.14
     A10W7tY 1C2023 07 30.90197123 05 53.940+21 54 12.27   ~84Ji 13.2 GV!    Z84 0.14
     A10W7tY 1C2023 07 30.90451723 06 35.015+21 53 54.84   ~84Ji 13.3 GV!    Z84 0.14
     A10W7tY 1C2023 07 30.90705923 07 15.827+21 53 36.51   ~84Ji 13.1 GV!    Z84 0.14
     A10W7tY 1C2023 07 30.90960523 07 56.609+21 53 17.20   ~84Ji 13.3 GV!    Z84 0.14
     A10WBFX  C2023 09 07.13771304 59 28.498-12 05 46.90   ~981G 16.34oV!    M22 0.14
     A10WBFX  C2023 09 07.13951904 59 30.907-12 06 11.63   ~981G 17.59oV!    M22 0.14
     A10WBFX  C2023 09 07.14407604 59 37.118-12 07 15.85   ~981G 18.27oV!    M22 0.14
     A10WBFX  C2023 09 07.16310105 00 02.458-12 11 37.14   ~981G 16.91oV!    M22 0.14
     A10Xc3n  C2023 10 08.26086303 48 24.646-09 47 08.99   ~A9Dh 16.12oV!    W68 0.14
     A10Xc3n  C2023 10 08.26404703 48 32.054-09 48 22.75   ~A9Dh 17.28oV!    W68 0.14
     A10Xc3n  C2023 10 08.26720603 48 39.365-09 49 35.44   ~A9Dh 16.37oV!    W68 0.14
     A10Xc3n  C2023 10 08.27811003 49 04.157-09 53 41.50   ~A9Dh 16.46oV!    W68 0.14
     C3VTAR1 1C2023 10 09.45601504 50 20.555-16 18 07.56   ~AAMc 16.61GV!    703 0.14
     C3VTAR1 1C2023 10 09.46101804 50 27.769-16 19 08.18   ~AAMc 16.11GV!    703 0.14
     C3VTAR1 1C2023 10 09.46602004 50 34.940-16 20 07.51   ~AAMc 15.67GV!    703 0.14
     C3VTAR1 1C2023 10 09.47102204 50 41.986-16 21 05.33   ~AAMc 15.68GV!    703 0.14
     A10XhAI  C2023 10 11.05957505 52 33.499-19 20 41.10   ~ACFG 15.77oV!    M22 0.14
     A10XhAI  C2023 10 11.06274605 52 36.605-19 21 09.32   ~ACFG 18.26oV!    M22 0.14
     A10XhAI  C2023 10 11.06821605 52 41.964-19 21 55.76   ~ACFG 18.48oV!    M22 0.14
     A10XhAI  C2023 10 11.07834205 52 51.646-19 23 21.80   ~ACFG 17.82oV!    M22 0.14
     A10XjTI  C2023 10 12.30192106 30 01.111-21 07 18.37   ~AE1n 17.98oV!    W68 0.14
     A10XjTI  C2023 10 12.30468206 30 03.466-21 07 38.32   ~AE1n 16.52oV!    W68 0.14
     A10XjTI  C2023 10 12.30513206 30 03.758-21 07 40.94   ~AE1n 16.99oV!    W68 0.14
     A10XjTI  C2023 10 12.31164706 30 09.223-21 08 27.71   ~AE1n 17.58oV!    W68 0.14
     A10XjTI  C2023 10 12.31209806 30 09.542-21 08 30.88   ~AE1n 16.21oV!    W68 0.14
     A10XjTI  C2023 10 12.31667606 30 13.258-21 09 02.63   ~AE1n 16.94oV!    W68 0.14
     A10XjTI  C2023 10 12.31712706 30 13.546-21 09 05.04   ~AE1n 16.24oV!    W68 0.14
     C3ZJKG1  C2023 11 03.17700 23 48 45.78 +12 22 20.0    ~B3EL 15.3 GV     703 0.6
     C3ZJKG1  C2023 11 03.18303 23 49 29.24 +12 17 19.7    ~B3EL 16.3 GV     703 0.6
     C3ZJKG1  C2023 11 03.18905 23 50 10.83 +12 12 30.0    ~B3EL 15.5 GV     703 0.6
     C3ZJKG1  C2023 11 03.19491 23 50 52.48 +12 07 37.9    ~B3EL       V     703 0.6
     A10XRxH  C2023 11 04.16895001 49 53.119+01 34 02.86   ~B624 15.88cV!    W68 0.6
     A10XRxH  C2023 11 04.17238501 50 06.835+01 31 49.33   ~B624 16.62cV!    W68 0.6
     A10XRxH  C2023 11 04.17879601 50 32.719+01 27 37.33   ~B624 15.10cV!    W68 0.6
     A10XRxH  C2023 11 04.19760501 51 48.343+01 15 25.34   ~B624 16.42cV!    W68 0.6
     C3ZZLP1  C2023 11 04.28098 02 00 43.51 -01 08 01.9    ~B4EB 16.3 GV     703 0.6
     C3ZZLP1  C2023 11 04.28637 02 01 04.13 -01 11 16.7    ~B4EB 16.2 GV     703 0.6
     C3ZZLP1  C2023 11 04.29176 02 01 24.82 -01 14 31.8    ~B4EB 15.4 GV     703 0.6
     C4007C1  C2023 11 04.30718 02 02 23.47 -01 23 41.5    ~B4EB 16.1 GV     703 0.6
     C4007C1  C2023 11 04.31260 02 02 44.24 -01 26 55.3    ~B4EB 16.9 GV     703 0.6
     C4007C1  C2023 11 04.31803 02 03 05.13 -01 30 08.4    ~B4EB 16.1 GV     703 0.6
     C4007C1  C2023 11 04.32345 02 03 25.82 -01 33 19.1    ~B4EB       V     703 0.6
     C40FDK1  C2023 11 06.39745 04 19 22.65 -14 49 14.2    ~B6H8 15.9 GV     703 0.6
     C40FDK1  C2023 11 06.40250 04 19 30.78 -14 50 18.6    ~B6H8 15.4 GV     703 0.6
     C40FDK1  C2023 11 06.40898 04 19 41.45 -14 51 42.0    ~B6H8 17.2 GV     703 0.6
     C40FDK1  C2023 11 06.41403 04 19 49.77 -14 52 45.6    ~B6H8 16.8 GV     703 0.6
     A10XX3P  C2023 11 07.18911804 56 42.307-16 31 22.15   ~B9Ep 18.15oV!    W68 0.6
     A10XX3P  C2023 11 07.19092504 56 44.762-16 31 45.41   ~B9Ep 17.20oV!    W68 0.6
     A10XX3P  C2023 11 07.19921404 56 56.148-16 33 34.27   ~B9Ep 17.44oV!    W68 0.6
     A10XX40  C2023 11 08.20912305 34 33.305-18 59 35.70   ~B9Ep 15.74oV!    W68 0.6
     A10XX40  C2023 11 08.24341605 35 08.803-19 04 57.90   ~B9Ep 17.33oV!    W68 0.6
     A10XX40  C2023 11 08.24521805 35 10.582-19 05 13.99   ~B9Ep 15.86oV!    W68 0.6
     A10XX40  C2023 11 08.24839605 35 13.678-19 05 41.71   ~B9Ep 17.94oV!    W68 0.6
     A10Y0wd  C2023 11 10.01059406 28 46.834-21 33 36.47   ~BBGF 16.67cV!    M22 0.6
     A10Y0wd  C2023 11 10.01240206 28 48.178-21 33 47.20   ~BBGF 18.57cV!    M22 0.6
     A10Y0wd  C2023 11 10.02026106 28 53.770-21 34 29.64   ~BBGF 16.70cV!    M22 0.6
     A10YtA8  C2023 11 29.86687801 59 06.127-01 14 57.05   ~C226 16.01oV!    M22 0.6
     A10YtA8  C2023 11 29.87009301 59 18.732-01 16 57.94   ~C226 15.10oV!    M22 0.6
     A10YtA8  C2023 11 29.87704401 59 46.416-01 21 22.64   ~C226 14.58oV!    M22 0.6
     A10YtA8  C2023 11 29.88709102 00 26.328-01 27 41.15   ~C226 15.64oV!    M22 0.6
     xkos373 KB2023 12 09.98334 08 11 00.936-22 32 56.83   ~CBFG 16.8 GX!    L87 0.6
     xkos373 KB2023 12 09.98944 08 11 03.720-22 33 07.49   ~CBFG       X!    L87 0.6
     xkos373 KB2023 12 09.99554 08 11 06.473-22 33 15.98   ~CBFG 16.2 GX!    L87 0.6
     A10Z5YC  C2023 12 12.34396609 00 55.608-21 05 17.81   ~CEF8 17.07oV!    W68 0.6
     A10Z5YC  C2023 12 12.35067909 00 58.272-21 04 55.99   ~CEF8 17.03oV!    W68 0.6
     A10Z5YC  C2023 12 12.35481309 00 59.813-21 04 43.14   ~CEF8 17.69oV!    W68 0.6
     A10Z5YC  C2023 12 12.35756609 01 00.948-21 04 32.34   ~CEF8 17.34oV!    W68 0.6
     C42MZU1  C2023 12 13.38761 09 25 51.74 -20 41 24.0    ~CE1p 19.2 GV     703 0.6
     C42MZU1  C2023 12 13.38965 09 25 52.84 -20 41 20.9    ~CE1p 17.6 GV     703 0.6
     C42MZU1  C2023 12 13.39168 09 25 54.03 -20 41 17.0    ~CE1p       V     703 0.6
     C42MZU1  C2023 12 13.39371 09 25 55.20 -20 41 15.8    ~CE1p 17.4 GV     703 0.6